return {{Type = 'Wall2Tall',cf = {88.6000061, 24, -68.7999878, 0, 0, 1, 0, 1, -0, -1, 0, 0}},{Type = 'Wall2Tall',cf = {88.6000061, 32, -68.7999878, 0, 0, 1, 0, 1, -0, -1, 0, 0}},{Type = 'Wall2Tall',cf = {24.0999985, 38.4000092, 17, -0.933561325, 0.358418494, -1.29938126e-05, 1.29938126e-05, 6.9975853e-05, 1.00000012, 0.358418494, 0.933561206, -7.03334808e-05}},{Type = 'Wall2Tall',cf = {88.6000061, 8, -68.7999878, 0, 0, 1, 0, 1, -0, -1, 0, 0}},{Type = 'Wall2Tall',cf = {88.6000061, 0, -64.7999878, 0, 0, 1, 0, 1, -0, -1, 0, 0}},{Type = 'Wall2Tall',cf = {88.6000061, 0, -68.7999878, 0, 0, 1, 0, 1, -0, -1, 0, 0}},{Type = 'Wall2Tall',cf = {88.6000061, 32, -72.7999878, 0, 0, 1, 0, 1, -0, -1, 0, 0}},{Type = 'Wall2Tall',cf = {88.6000061, 24, -72.7999878, 0, 0, 1, 0, 1, -0, -1, 0, 0}},{Type = 'Wall2Tall',cf = {88.6000061, 16, -68.7999878, 0, 0, 1, 0, 1, -0, -1, 0, 0}},{Type = 'Wall2Tall',cf = {88.6000061, 16, -72.7999878, 0, 0, 1, 0, 1, -0, -1, 0, 0}},{Type = 'Wall2Tall',cf = {88.6000061, 32, -76.7999878, 0, 0, 1, 0, 1, -0, -1, 0, 0}},{Type = 'Wall2Tall',cf = {88.6000061, 8, -76.7999878, 0, 0, 1, 0, 1, -0, -1, 0, 0}},{Type = 'Wall2Tall',cf = {88.6000061, 16, -76.7999878, 0, 0, 1, 0, 1, -0, -1, 0, 0}},{Type = 'Wall2Tall',cf = {88.6000061, 8, -72.7999878, 0, 0, 1, 0, 1, -0, -1, 0, 0}},{Type = 'Wall2Tall',cf = {88.6000061, 0, -76.7999878, 0, 0, 1, 0, 1, -0, -1, 0, 0}},{Type = 'Wall2Tall',cf = {88.6000061, 32, -80.7999878, 0, 0, 1, 0, 1, -0, -1, 0, 0}},{Type = 'Wall2Tall',cf = {88.6000061, 0, -72.7999878, 0, 0, 1, 0, 1, -0, -1, 0, 0}},{Type = 'Wall2Tall',cf = {88.6000061, 24, -80.7999878, 0, 0, 1, 0, 1, -0, -1, 0, 0}},{Type = 'Wall2Tall',cf = {88.6000061, 16, -80.7999878, 0, 0, 1, 0, 1, -0, -1, 0, 0}},{Type = 'Wall2Tall',cf = {88.6000061, 0, -80.7999878, 0, 0, 1, 0, 1, -0, -1, 0, 0}},{Type = 'Wall2Tall',cf = {88.6000061, 24, -76.7999878, 0, 0, 1, 0, 1, -0, -1, 0, 0}},{Type = 'Wall2Tall',cf = {88.6000061, 8, -80.7999878, 0, 0, 1, 0, 1, -0, -1, 0, 0}},{Type = 'Wall2Tall',cf = {88.6000061, 16, -84.7999878, 0, 0, 1, 0, 1, -0, -1, 0, 0}},{Type = 'Wall2Tall',cf = {88.6000061, 24, -84.7999878, 0, 0, 1, 0, 1, -0, -1, 0, 0}},{Type = 'Wall2Tall',cf = {88.6000061, 32, -88.7999878, 0, 0, 1, 0, 1, -0, -1, 0, 0}},{Type = 'Wall2Tall',cf = {88.6000061, 0, -84.7999878, 0, 0, 1, 0, 1, -0, -1, 0, 0}},{Type = 'Wall2Tall',cf = {88.6000061, 32, -84.7999878, 0, 0, 1, 0, 1, -0, -1, 0, 0}},{Type = 'Wall2Tall',cf = {88.6000061, 8, -88.7999878, 0, 0, 1, 0, 1, -0, -1, 0, 0}},{Type = 'Wall2Tall',cf = {88.6000061, 16, -88.7999878, 0, 0, 1, 0, 1, -0, -1, 0, 0}},{Type = 'Wall2Tall',cf = {88.6000061, 8, -84.7999878, 0, 0, 1, 0, 1, -0, -1, 0, 0}},{Type = 'Wall2Tall',cf = {88.6000061, 32, -90.7999878, 0, 0, 1, 0, 1, -0, -1, 0, 0}},{Type = 'Wall2Tall',cf = {88.6000061, 24, -90.7999878, 0, 0, 1, 0, 1, -0, -1, 0, 0}},{Type = 'Wall2Tall',cf = {88.6000061, 24, -88.7999878, 0, 0, 1, 0, 1, -0, -1, 0, 0}},{Type = 'Wall2Tall',cf = {12, 39.4000015, 46.9000244, 0, -1, 0, 0, 0, 1, -1, 0, 0}},{Type = 'Wall2Tall',cf = {88.6000061, 0, -88.7999878, 0, 0, 1, 0, 1, -0, -1, 0, 0}},{Type = 'Wall2Tall',cf = {-48, 39.4000015, 69.5999756, 0, -1, 0, 0, 0, 1, -1, 0, 0}},{Type = 'Wall2Tall',cf = {88.6000061, 8, -90.7999878, 0, 0, 1, 0, 1, -0, -1, 0, 0}},{Type = 'Wall2Tall',cf = {21.5999985, 40.4000092, 17.7000122, -0.987695932, 0.156386644, -5.05894423e-06, 5.05894423e-06, 6.42538071e-05, 1.00000012, 0.156386644, 0.987695992, -6.43730164e-05}},{Type = 'Wall2Tall',cf = {88.6000061, 16, -89.7999878, 0, 0, 1, 0, 1, -0, -1, 0, 0}},{Type = 'Wall2Tall',cf = {86.3000031, 32.5, 71.4000244, 1, 0, 0, 0, 1, 0, 0, 0, 1}},{Type = 'Wall2Tall',cf = {-28.6999969, 41, 71.4000244, 0, -1, 0, 1, 0, -0, 0, 0, 1}},{Type = 'Wall2Tall',cf = {84.3000031, 35.5, -91.2999878, -0.62928617, -0.777173758, 0, -0.777173758, 0.629286051, 0, -0, 0, -1}},{Type = 'Wall2Tall',cf = {70.6000061, 41.7000008, -91.2999878, -0.207885981, -0.97815311, 0, -0.97815311, 0.207885921, 0, -0, 0, -1}},{Type = 'Wall2Tall',cf = {-40, 39.4000015, 69.5999756, 0, -1, 0, 0, 0, 1, -1, 0, 0}},{Type = 'Wall2Tall',cf = {88.6000061, 0, -89.7999878, 0, 0, 1, 0, 1, -0, -1, 0, 0}},{Type = 'Wall2Tall',cf = {78.3999939, 40, -91.2999878, -0.207885981, -0.97815311, 0, -0.97815311, 0.207885921, 0, -0, 0, -1}},{Type = 'Wall2Tall',cf = {88.6000061, 0, 67.2000122, 0, 0, 1, 0, 1, -0, -1, 0, 0}},{Type = 'Wall2Tall',cf = {70.6000061, 41.7000008, -91.2999878, 0.0522800684, -0.998632431, 0, -0.998632431, -0.0522800684, -0, 0, 0, -1}},{Type = 'Wall2Tall',cf = {32.1000061, 40.3999977, 10, -0.104588509, 0.994515598, -2.22325325e-05, 2.22325325e-05, 2.46763229e-05, 1, 0.994515598, 0.104588479, -2.46763229e-05}},{Type = 'Wall2Tall',cf = {83.3000031, 39, -91.2999878, -0.207885981, -0.97815311, 0, -0.97815311, 0.207885921, 0, -0, 0, -1}},{Type = 'Wall2Tall',cf = {0, 39.4000015, 69.5999756, 0, -1, 0, 0, 0, 1, -1, 0, 0}},{Type = 'Wall2Tall',cf = {16.4000015, 40.3999939, 17.7000122, -0.987695932, -0.156386644, 5.05894423e-06, -5.05894423e-06, 6.42538071e-05, 1.00000012, -0.156386644, 0.987695992, -6.43730164e-05}},{Type = 'Wall2Tall',cf = {-16, 39.4000015, 69.5999756, 0, -1, 0, 0, 0, 1, -1, 0, 0}},{Type = 'Wall2Tall',cf = {9.40000153, 40.3999939, 14.4000244, -0.777126312, -0.629344821, 8.55326653e-06, -8.55326653e-06, 2.41398811e-05, 1, -0.629344821, 0.777126253, -2.41994858e-05}},{Type = 'Wall2Tall',cf = {4, 40.4000015, -13.0999756, 0, -1, 0, 0, 0, 1, -1, 0, 0}},{Type = 'Wall2Tall',cf = {-32, 39.4000015, 69.5999756, 0, -1, 0, 0, 0, 1, -1, 0, 0}},{Type = 'Wall2Tall',cf = {-8, 39.4000015, 69.5999756, 0, -1, 0, 0, 0, 1, -1, 0, 0}},{Type = 'Wall2Tall',cf = {4, 40.4000015, -17.0999756, 0, -1, 0, 0, 0, 1, -1, 0, 0}},{Type = 'Wall2Tall',cf = {4.30000305, 40.3999977, 5.5, -0.156419754, -0.987690628, -5.1677227e-05, 5.1677227e-05, -6.04391098e-05, 1, -0.987690628, 0.156419784, 6.05583191e-05}},{Type = 'Wall2Tall',cf = {4, 40.4000015, -1.09997559, 0, -1, 0, 0, 0, 1, -1, 0, 0}},{Type = 'Wall2Tall',cf = {4, 40.4000015, -5.09997559, 0, -1, 0, 0, 0, 1, -1, 0, 0}},{Type = 'Wall2Tall',cf = {4, 40.4000015, 2.90002441, 0, -1, 0, 0, 0, 1, -1, 0, 0}},{Type = 'Wall2Tall',cf = {4, 40.4000015, -25.1000366, 0, -1, 0, 0, 0, 1, -1, 0, 0}},{Type = 'Wall2Tall',cf = {4, 40.4000015, -9.09997559, 0, -1, 0, 0, 0, 1, -1, 0, 0}},{Type = 'Wall2Tall',cf = {4, 40.4000015, -21.0999756, 0, -1, 0, 0, 0, 1, -1, 0, 0}},{Type = 'Wall2Tall',cf = {40, 39.4000015, -45.1000366, 0, -1, 0, 0, 0, 1, -1, 0, 0}},{Type = 'Wall2Tall',cf = {32, 39.4000015, -45.1000366, 0, -1, 0, 0, 0, 1, -1, 0, 0}},{Type = 'Wall2Tall',cf = {24, 39.4000015, -45.1000366, 0, -1, 0, 0, 0, 1, -1, 0, 0}},{Type = 'Wall2Tall',cf = {8, 39.4000015, -45.1000366, 0, -1, 0, 0, 0, 1, -1, 0, 0}},{Type = 'Wall2Tall',cf = {88.6000061, 24, -64.7999878, 0, 0, 1, 0, 1, -0, -1, 0, 0}},{Type = 'Wall2Tall',cf = {86.3999939, 39.6000023, -91.2999878, -0.258864403, -0.965913713, 0, -0.965913713, 0.258864343, 0, -0, 0, -1}},{Type = 'Wall2Tall',cf = {85, 33.7000008, -91.2999878, -1, 0, 0, 0, 1, 0, 0, 0, -1}},{Type = 'Wall2Tall',cf = {88.6000061, 32, -64.7999878, 0, 0, 1, 0, 1, -0, -1, 0, 0}},{Type = 'Wall2Tall',cf = {58, 40, -91.2999878, -1, 0, 0, 0, 1, 0, 0, 0, -1}},{Type = 'Wall2Tall',cf = {83, 33.6000023, -91.2999878, -1, 0, 0, 0, 1, 0, 0, 0, -1}},{Type = 'Wall2Tall',cf = {63.1999969, 45.3000031, -91.2999878, -0.207885981, -0.97815311, 0, -0.97815311, 0.207885921, 0, -0, 0, -1}},{Type = 'Wall2Tall',cf = {71, 43.7000008, -91.2999878, -0.207885981, -0.97815311, 0, -0.97815311, 0.207885921, 0, -0, 0, -1}},{Type = 'Wall2Tall',cf = {78.6000061, 41.6000023, -91.2999878, -0.258864403, -0.965913713, 0, -0.965913713, 0.258864343, 0, -0, 0, -1}},{Type = 'Wall2Tall',cf = {62, 39, -91.2999878, -1, 0, 0, 0, 1, 0, 0, 0, -1}},{Type = 'Wall2Tall',cf = {88.6000061, 0, -60.7999878, 0, 0, 1, 0, 1, -0, -1, 0, 0}},{Type = 'Wall2Tall',cf = {16, 39.4000015, -45.1000366, 0, -1, 0, 0, 0, 1, -1, 0, 0}},{Type = 'Wall2Tall',cf = {88.6000061, 16, -60.7999878, 0, 0, 1, 0, 1, -0, -1, 0, 0}},{Type = 'Wall2Tall',cf = {88.6000061, 24, -60.7999878, 0, 0, 1, 0, 1, -0, -1, 0, 0}},{Type = 'Wall2Tall',cf = {84, 32, -91.2999878, -1, 0, 0, 0, 1, 0, 0, 0, -1}},{Type = 'Wall2Tall',cf = {88.6000061, 8, -60.7999878, 0, 0, 1, 0, 1, -0, -1, 0, 0}},{Type = 'Wall2Tall',cf = {21.599968, 40.4000092, -39.7999878, 0.987695932, 0.156386644, -5.05894423e-06, -5.05894423e-06, 6.42538071e-05, 1.00000012, 0.156386644, -0.987695992, 6.42538071e-05}},{Type = 'Wall2Tall',cf = {86, 32, -91.2999878, -1, 0, 0, 0, 1, 0, 0, 0, -1}},{Type = 'Wedge10',cf = {-30.1999969, 27, -89.6000061, 0, 0, 1, 0, 1, -0, -1, 0, 0}},{Type = 'Wall2Tall',cf = {88.6000061, 8, -64.7999878, 0, 0, 1, 0, 1, -0, -1, 0, 0}},{Type = 'Wall2Tall',cf = {-29.6999969, 42, 71.4000244, 0, -1, 0, 1, 0, -0, 0, 0, 1}},{Type = 'Wall2Tall',cf = {88.6000061, 16, -64.7999878, 0, 0, 1, 0, 1, -0, -1, 0, 0}},{Type = 'Wall2Tall',cf = {88.6000061, 32, -60.7999878, 0, 0, 1, 0, 1, -0, -1, 0, 0}},{Type = 'Wall2Tall',cf = {21.5999985, 39.4000092, 17.7000122, -0.987695932, 0.156386644, -5.05894423e-06, 5.05894423e-06, 6.42538071e-05, 1.00000012, 0.156386644, 0.987695992, -6.43730164e-05}},{Type = 'Wall2Tall',cf = {28.5999985, 39.4000092, 14.4000244, -0.777126312, 0.629344821, -8.55326653e-06, 8.55326653e-06, 2.41398811e-05, 1, 0.629344821, 0.777126253, -2.41994858e-05}},{Type = 'Wall2Tall',cf = {21.5999985, 38.4000092, 17.7000122, -0.987695932, 0.156386644, -5.05894423e-06, 5.05894423e-06, 6.42538071e-05, 1.00000012, 0.156386644, 0.987695992, -6.43730164e-05}},{Type = 'Wall2Tall',cf = {31.9000015, 39.3999939, 10.4000244, -0.499938965, 0.866060615, 1.18613243e-05, -1.18613243e-05, -2.05039978e-05, 1, 0.866060615, 0.499938965, 2.05039978e-05}},{Type = 'Wall2Tall',cf = {24.0999985, 39.4000092, 17, -0.933561325, 0.358418494, -1.29938126e-05, 1.29938126e-05, 6.9975853e-05, 1.00000012, 0.358418494, 0.933561206, -7.03334808e-05}},{Type = 'Wall2Tall',cf = {30.4000015, 39.3999939, 12.5999756, -0.629327059, 0.777140617, -4.50015068e-06, 4.50015068e-06, 9.41753387e-06, 1.00000012, 0.777140617, 0.629327059, -9.53674316e-06}},{Type = 'Wall2Tall',cf = {31.9000015, 38.3999939, 10.4000244, -0.499938965, 0.866060615, 1.18613243e-05, -1.18613243e-05, -2.05039978e-05, 1, 0.866060615, 0.499938965, 2.05039978e-05}},{Type = 'Wall2Tall',cf = {30.4000015, 38.3999939, 12.5999756, -0.629327059, 0.777140617, -4.50015068e-06, 4.50015068e-06, 9.41753387e-06, 1.00000012, 0.777140617, 0.629327059, -9.53674316e-06}},{Type = 'Wall2Tall',cf = {-44.1000061, 25.4000015, 71.4000244, 0.74314785, -0.669127226, 0, 0.669127226, 0.74314785, 0, 0, 0, 1}},{Type = 'Wall2Tall',cf = {28.5999985, 38.4000092, 14.4000244, -0.777126312, 0.629344821, -8.55326653e-06, 8.55326653e-06, 2.41398811e-05, 1, 0.629344821, 0.777126253, -2.41994858e-05}},{Type = 'Wall2Tall',cf = {-22.1999969, 27.4000015, 71.4000244, 0.777145445, 0.629321039, 0, -0.629321039, 0.777145445, -0, -0, 0, 1}},{Type = 'Wall2Tall',cf = {19, 38.4000015, 17.9000244, -1, 0, 0, 0, 0, 1, 0, 1, -0}},{Type = 'Wall2Tall',cf = {40, 39.4000015, 2.90002441, 0, -1, 0, 0, 0, 1, -1, 0, 0}},{Type = 'Wall2Tall',cf = {40, 38.4000015, -1.09997559, 0, -1, 0, 0, 0, 1, -1, 0, 0}},{Type = 'Wall2Tall',cf = {40, 38.4000015, 2.90002441, 0, -1, 0, 0, 0, 1, -1, 0, 0}},{Type = 'Wall2Tall',cf = {40, 38.4000015, -5.09997559, 0, -1, 0, 0, 0, 1, -1, 0, 0}},{Type = 'Wall2Tall',cf = {16.4000015, 38.3999939, 17.7000122, -0.987695932, -0.156386644, 5.05894423e-06, -5.05894423e-06, 6.42538071e-05, 1.00000012, -0.156386644, 0.987695992, -6.43730164e-05}},{Type = 'Wall2Tall',cf = {26.5, 38.4000015, 15.9000244, -0.866039991, 0.499974549, 5.5283308e-06, -5.5283308e-06, -2.06232071e-05, 0.99999994, 0.499974549, 0.866040051, 2.06232071e-05}},{Type = 'Wall2Tall',cf = {19, 39.4000015, 17.9000244, -1, 0, 0, 0, 0, 1, 0, 1, -0}},{Type = 'Wall2Tall',cf = {28, 39.4000015, 26.9000244, 0, -1, 0, 0, 0, 1, -1, 0, 0}},{Type = 'Wall2Tall',cf = {67.6000061, 40.7000008, 71.4000244, 0.258864343, -0.965913713, 0, 0.965913713, 0.258864343, 0, 0, 0, 1}},{Type = 'Wall2Tall',cf = {28.5999985, 39.4000092, 14.4000244, -0.777126312, 0.629344821, -8.55326653e-06, 8.55326653e-06, 2.41398811e-05, 1, 0.629344821, 0.777126253, -2.41994858e-05}},{Type = 'Wall2Tall',cf = {40, 38.4000015, 6.90002441, 0, -1, 0, 0, 0, 1, -1, 0, 0}},{Type = 'Wall2Tall',cf = {12, 39.4000015, 18.9000244, 0, -1, 0, 0, 0, 1, -1, 0, 0}},{Type = 'Wall2Tall',cf = {40, 38.4000015, -17.0999756, 0, -1, 0, 0, 0, 1, -1, 0, 0}},{Type = 'Wall2Tall',cf = {16.4000015, 39.3999939, 17.7000122, -0.987695932, -0.156386644, 5.05894423e-06, -5.05894423e-06, 6.42538071e-05, 1.00000012, -0.156386644, 0.987695992, -6.43730164e-05}},{Type = 'Wall2Tall',cf = {32.1000061, 38.3999977, 10, -0.104588509, 0.994515598, -2.22325325e-05, 2.22325325e-05, 2.46763229e-05, 1, 0.994515598, 0.104588479, -2.46763229e-05}},{Type = 'Wall2Tall',cf = {40, 38.4000015, -13.0999756, 0, -1, 0, 0, 0, 1, -1, 0, 0}},{Type = 'Wall2Tall',cf = {13.9000015, 38.3999939, 17, -0.933561325, -0.358418494, 1.29938126e-05, -1.29938126e-05, 6.9975853e-05, 1.00000012, -0.358418494, 0.933561206, -7.03334808e-05}},{Type = 'Wall2Tall',cf = {30.3999939, 39.4000092, -34.7000122, 0.629326999, 0.777140617, 4.50015068e-06, 4.50015068e-06, -9.53674316e-06, 1.00000012, 0.777140617, -0.629327059, -9.53674316e-06}},{Type = 'Wall2Tall',cf = {26.5, 39.4000015, 15.9000244, -0.866039991, 0.499974549, 5.5283308e-06, -5.5283308e-06, -2.06232071e-05, 0.99999994, 0.499974549, 0.866040051, 2.06232071e-05}},{Type = 'Wall2Tall',cf = {24.1000862, 39.3999939, -39.1000061, 0.933561027, 0.358418435, -1.29938126e-05, -1.29938126e-05, 7.01546669e-05, 1, 0.358418435, -0.933561087, 7.01546669e-05}},{Type = 'Wall2Tall',cf = {32.1000061, 39.3999977, 10, -0.104588509, 0.994515598, -2.22325325e-05, 2.22325325e-05, 2.46763229e-05, 1, 0.994515598, 0.104588479, -2.46763229e-05}},{Type = 'Wall2Tall',cf = {31.8999939, 38.4000092, -32.5, 0.499938965, 0.866060615, -1.18613243e-05, -1.18613243e-05, 2.05039978e-05, 1, 0.866060615, -0.499938965, 2.05039978e-05}},{Type = 'Wall2Tall',cf = {12, 39.4000015, 26.9000244, 0, -1, 0, 0, 0, 1, -1, 0, 0}},{Type = 'Wall2Tall',cf = {40, 38.4000015, -9.09997559, 0, -1, 0, 0, 0, 1, -1, 0, 0}},{Type = 'Wall2Tall',cf = {28.5999832, 38.3999786, -36.5, 0.777126193, 0.629344821, 8.55326653e-06, 8.55326653e-06, -2.41994858e-05, 1, 0.629344821, -0.777126253, -2.41994858e-05}},{Type = 'Wall2Tall',cf = {26.4999695, 38.4000015, -38, 0.866040111, 0.499974549, -5.49852848e-06, -5.49852848e-06, 2.05039978e-05, 1.00000012, 0.499974549, -0.86604017, 2.05039978e-05}},{Type = 'Wall2Tall',cf = {26.4999695, 39.4000015, -38, 0.866040111, 0.499974549, -5.49852848e-06, -5.49852848e-06, 2.05039978e-05, 1.00000012, 0.499974549, -0.86604017, 2.05039978e-05}},{Type = 'Wall2Tall',cf = {12, 39.4000015, 22.9000244, 0, -1, 0, 0, 0, 1, -1, 0, 0}},{Type = 'Wall2Tall',cf = {28, 39.4000015, 22.9000244, 0, -1, 0, 0, 0, 1, -1, 0, 0}},{Type = 'Wall2Tall',cf = {18.9999695, 38.4000015, -40, 1, 0, -0, 0, 0, 1, 0, -1, 0}},{Type = 'Wall2Tall',cf = {30.3999939, 38.4000092, -34.7000122, 0.629326999, 0.777140617, 4.50015068e-06, 4.50015068e-06, -9.53674316e-06, 1.00000012, 0.777140617, -0.629327059, -9.53674316e-06}},{Type = 'Wall2Tall',cf = {13.9000854, 39.3999977, -39.1000061, 0.933561027, -0.358418435, 1.29938126e-05, 1.29938126e-05, 7.01546669e-05, 1, -0.358418435, -0.933561087, 7.01546669e-05}},{Type = 'Wall2Tall',cf = {28.5999832, 39.3999786, -36.5, 0.777126193, 0.629344821, 8.55326653e-06, 8.55326653e-06, -2.41994858e-05, 1, 0.629344821, -0.777126253, -2.41994858e-05}},{Type = 'Wall2Tall',cf = {32.1000061, 39.3999977, -32.0999756, 0.104588211, 0.994515777, 2.21729279e-05, 2.21729279e-05, -2.47955322e-05, 1.00000024, 0.994515777, -0.104588419, -2.47955322e-05}},{Type = 'Wall2Tall',cf = {31.8999939, 39.4000092, -32.5, 0.499938965, 0.866060615, -1.18613243e-05, -1.18613243e-05, 2.05039978e-05, 1, 0.866060615, -0.499938965, 2.05039978e-05}},{Type = 'Wall2Tall',cf = {18.9999695, 39.4000015, -40, 1, 0, -0, 0, 0, 1, 0, -1, 0}},{Type = 'Wall2Tall',cf = {24.1000862, 38.3999939, -39.1000061, 0.933561027, 0.358418435, -1.29938126e-05, -1.29938126e-05, 7.01546669e-05, 1, 0.358418435, -0.933561087, 7.01546669e-05}},{Type = 'Wall2Tall',cf = {20, 39.4000015, 30.9000244, 0, -1, 0, 0, 0, 1, -1, 0, 0}},{Type = 'Wall2Tall',cf = {28, 39.4000015, 34.9000244, 0, -1, 0, 0, 0, 1, -1, 0, 0}},{Type = 'Wall2Tall',cf = {21.599968, 39.4000092, -39.7999878, 0.987695932, 0.156386644, -5.05894423e-06, -5.05894423e-06, 6.42538071e-05, 1.00000012, 0.156386644, -0.987695992, 6.42538071e-05}},{Type = 'Wall2Tall',cf = {21.599968, 38.4000092, -39.7999878, 0.987695932, 0.156386644, -5.05894423e-06, -5.05894423e-06, 6.42538071e-05, 1.00000012, 0.156386644, -0.987695992, 6.42538071e-05}},{Type = 'Wall2Tall',cf = {12, 39.4000015, 30.9000244, 0, -1, 0, 0, 0, 1, -1, 0, 0}},{Type = 'Wall2Tall',cf = {36, 39.4000015, -53.1000366, 0, -1, 0, 0, 0, 1, -1, 0, 0}},{Type = 'Wall2Tall',cf = {5.99999237, 39.4000168, -32.5, 0.499938965, -0.866060615, 1.18613243e-05, 1.18613243e-05, 2.05039978e-05, 1, -0.866060615, -0.499938965, 2.05039978e-05}},{Type = 'Wall2Tall',cf = {7.49999237, 38.4000168, -34.7000122, 0.629326999, -0.777140617, -4.50015068e-06, -4.50015068e-06, -9.53674316e-06, 1.00000012, -0.777140617, -0.629327059, -9.53674316e-06}},{Type = 'Wall2Tall',cf = {7.49999237, 39.4000168, -34.7000122, 0.629326999, -0.777140617, -4.50015068e-06, -4.50015068e-06, -9.53674316e-06, 1.00000012, -0.777140617, -0.629327059, -9.53674316e-06}},{Type = 'Wall2Tall',cf = {28, 39.4000015, -53.1000366, 0, -1, 0, 0, 0, 1, -1, 0, 0}},{Type = 'Wall2Tall',cf = {28, 39.4000015, 38.9000244, 0, -1, 0, 0, 0, 1, -1, 0, 0}},{Type = 'Wall2Tall',cf = {20, 39.4000015, -53.1000366, 0, -1, 0, 0, 0, 1, -1, 0, 0}},{Type = 'Wall2Tall',cf = {9.39998627, 38.4000244, -36.5, 0.777126193, -0.629344821, -8.55326653e-06, -8.55326653e-06, -2.41994858e-05, 1, -0.629344821, -0.777126253, -2.41994858e-05}},{Type = 'Wall2Tall',cf = {4.8999939, 38.4000092, -30.2000122, 0.358427942, -0.933557391, 2.89082527e-06, 2.89082527e-06, 4.17232513e-06, 1, -0.933557391, -0.358427972, 4.17232513e-06}},{Type = 'Wall2Tall',cf = {4.8999939, 39.4000092, -30.2000122, 0.358427942, -0.933557391, 2.89082527e-06, 2.89082527e-06, 4.17232513e-06, 1, -0.933557391, -0.358427972, 4.17232513e-06}},{Type = 'Wall2Tall',cf = {12, 39.4000015, 34.9000244, 0, -1, 0, 0, 0, 1, -1, 0, 0}},{Type = 'Wall2Tall',cf = {5.99999237, 38.4000168, -32.5, 0.499938965, -0.866060615, 1.18613243e-05, 1.18613243e-05, 2.05039978e-05, 1, -0.866060615, -0.499938965, 2.05039978e-05}},{Type = 'Wall2Tall',cf = {9.39998627, 39.4000244, -36.5, 0.777126193, -0.629344821, -8.55326653e-06, -8.55326653e-06, -2.41994858e-05, 1, -0.629344821, -0.777126253, -2.41994858e-05}},{Type = 'Wall2Tall',cf = {4.30000305, 38.3999977, 5.5, -0.156419754, -0.987690628, -5.1677227e-05, 5.1677227e-05, -6.04391098e-05, 1, -0.987690628, 0.156419784, 6.05583191e-05}},{Type = 'Wall2Tall',cf = {12, 39.4000015, 38.9000244, 0, -1, 0, 0, 0, 1, -1, 0, 0}},{Type = 'Wall2Tall',cf = {11.4999695, 39.4000015, -38, 0.866040111, -0.499974549, 5.49852848e-06, 5.49852848e-06, 2.05039978e-05, 1.00000012, -0.499974549, -0.86604017, 2.05039978e-05}},{Type = 'Wall2Tall',cf = {12, 39.4000015, -53.1000366, 0, -1, 0, 0, 0, 1, -1, 0, 0}},{Type = 'Wall2Tall',cf = {11.4999695, 38.4000015, -38, 0.866040111, -0.499974549, 5.49852848e-06, 5.49852848e-06, 2.05039978e-05, 1.00000012, -0.499974549, -0.86604017, 2.05039978e-05}},{Type = 'Wall2Tall',cf = {4.30000305, 39.3999977, -27.7000122, 0.156419814, -0.987690628, 5.1677227e-05, 5.1677227e-05, 6.05583191e-05, 1, -0.987690628, -0.156419784, 6.05583191e-05}},{Type = 'Wall2Tall',cf = {4, 38.4000015, -25.1000366, 0, -1, 0, 0, 0, 1, -1, 0, 0}},{Type = 'Wall2Tall',cf = {36, 39.4000015, -57.1000366, 0, -1, 0, 0, 0, 1, -1, 0, 0}},{Type = 'Wall2Tall',cf = {28, 39.4000015, -57.1000366, 0, -1, 0, 0, 0, 1, -1, 0, 0}},{Type = 'Wall2Tall',cf = {24, 39.4000015, -49.1000366, 0, -1, 0, 0, 0, 1, -1, 0, 0}},{Type = 'Wall2Tall',cf = {40, 39.4000015, -49.1000366, 0, -1, 0, 0, 0, 1, -1, 0, 0}},{Type = 'Wall2Tall',cf = {28, 39.4000015, 42.9000244, 0, -1, 0, 0, 0, 1, -1, 0, 0}},{Type = 'Wall2Tall',cf = {32, 39.4000015, -49.1000366, 0, -1, 0, 0, 0, 1, -1, 0, 0}},{Type = 'Wall2Tall',cf = {16.399971, 38.3999939, -39.7999878, 0.987695932, -0.156386644, 5.05894423e-06, 5.05894423e-06, 6.42538071e-05, 1.00000012, -0.156386644, -0.987695992, 6.42538071e-05}},{Type = 'Wall2Tall',cf = {4, 39.4000015, -25.1000366, 0, -1, 0, 0, 0, 1, -1, 0, 0}},{Type = 'Wall2Tall',cf = {16.399971, 39.3999939, -39.7999878, 0.987695932, -0.156386644, 5.05894423e-06, 5.05894423e-06, 6.42538071e-05, 1.00000012, -0.156386644, -0.987695992, 6.42538071e-05}},{Type = 'Wall2Tall',cf = {12, 39.4000015, 42.9000244, 0, -1, 0, 0, 0, 1, -1, 0, 0}},{Type = 'Wall2Tall',cf = {20, 39.4000015, -57.1000366, 0, -1, 0, 0, 0, 1, -1, 0, 0}},{Type = 'Wall2Tall',cf = {4, 38.4000015, -25.1000366, 0, -1, 0, 0, 0, 1, -1, 0, 0}},{Type = 'Wall2Tall',cf = {4.30000305, 38.3999977, -27.7000122, 0.156419814, -0.987690628, 5.1677227e-05, 5.1677227e-05, 6.05583191e-05, 1, -0.987690628, -0.156419784, 6.05583191e-05}},{Type = 'Wall2Tall',cf = {16, 39.4000015, -49.1000366, 0, -1, 0, 0, 0, 1, -1, 0, 0}},{Type = 'Wall2Tall',cf = {28, 39.4000015, 46.9000244, 0, -1, 0, 0, 0, 1, -1, 0, 0}},{Type = 'Wall2Tall',cf = {7.5, 38.4000015, 12.5999756, -0.629327059, -0.777140617, 4.50015068e-06, -4.50015068e-06, 9.41753387e-06, 1.00000012, -0.777140617, 0.629327059, -9.53674316e-06}},{Type = 'Wall2Tall',cf = {13.9000854, 38.3999977, -39.1000061, 0.933561027, -0.358418435, 1.29938126e-05, 1.29938126e-05, 7.01546669e-05, 1, -0.358418435, -0.933561087, 7.01546669e-05}},{Type = 'Wall2Tall',cf = {12, 39.4000015, -57.1000366, 0, -1, 0, 0, 0, 1, -1, 0, 0}},{Type = 'Wall2Tall',cf = {7.5, 39.4000015, 12.5999756, -0.629327059, -0.777140617, 4.50015068e-06, -4.50015068e-06, 9.41753387e-06, 1.00000012, -0.777140617, 0.629327059, -9.53674316e-06}},{Type = 'Wall2Tall',cf = {40, 38.4000015, -21.0999756, 0, -1, 0, 0, 0, 1, -1, 0, 0}},{Type = 'Wall2Tall',cf = {8, 39.4000015, -49.1000366, 0, -1, 0, 0, 0, 1, -1, 0, 0}},{Type = 'Wall2Tall',cf = {24, 39.4000015, 69.5999756, 0, -1, 0, 0, 0, 1, -1, 0, 0}},{Type = 'Wall2Tall',cf = {31.8999939, 40.4000092, -32.5, 0.499938965, 0.866060615, -1.18613243e-05, -1.18613243e-05, 2.05039978e-05, 1, 0.866060615, -0.499938965, 2.05039978e-05}},{Type = 'Wall2Tall',cf = {13.9000015, 39.3999939, 17, -0.933561325, -0.358418494, 1.29938126e-05, -1.29938126e-05, 6.9975853e-05, 1.00000012, -0.358418494, 0.933561206, -7.03334808e-05}},{Type = 'Wall2Tall',cf = {24.1000862, 40.3999939, -39.1000061, 0.933561027, 0.358418435, -1.29938126e-05, -1.29938126e-05, 7.01546669e-05, 1, 0.358418435, -0.933561087, 7.01546669e-05}},{Type = 'Wall2Tall',cf = {30.3999939, 40.4000092, -34.7000122, 0.629326999, 0.777140617, 4.50015068e-06, 4.50015068e-06, -9.53674316e-06, 1.00000012, 0.777140617, -0.629327059, -9.53674316e-06}},{Type = 'Wall2Tall',cf = {11.5, 38.4000015, 15.9000244, -0.866039991, -0.499974549, -5.5283308e-06, 5.5283308e-06, -2.06232071e-05, 0.99999994, -0.499974549, 0.866040051, 2.06232071e-05}},{Type = 'Wall2Tall',cf = {4.90000153, 38.3999939, 8.09997559, -0.358428001, -0.933557391, -2.89082527e-06, 2.89082527e-06, -4.29153442e-06, 1, -0.933557391, 0.358427972, 4.17232513e-06}},{Type = 'Wall2Tall',cf = {11.5, 39.4000015, 15.9000244, -0.866039991, -0.499974549, -5.5283308e-06, 5.5283308e-06, -2.06232071e-05, 0.99999994, -0.499974549, 0.866040051, 2.06232071e-05}},{Type = 'Wall2Tall',cf = {6, 39.4000015, 10.4000244, -0.499938965, -0.866060615, -1.18613243e-05, 1.18613243e-05, -2.05039978e-05, 1, -0.866060615, 0.499938965, 2.05039978e-05}},{Type = 'Wall2Tall',cf = {6, 38.4000015, 10.4000244, -0.499938965, -0.866060615, -1.18613243e-05, 1.18613243e-05, -2.05039978e-05, 1, -0.866060615, 0.499938965, 2.05039978e-05}},{Type = 'Wall2Tall',cf = {16, 39.4000015, 69.5999756, 0, -1, 0, 0, 0, 1, -1, 0, 0}},{Type = 'Wall2Tall',cf = {9.40000153, 38.3999939, 14.4000244, -0.777126312, -0.629344821, 8.55326653e-06, -8.55326653e-06, 2.41398811e-05, 1, -0.629344821, 0.777126253, -2.41994858e-05}},{Type = 'Wall2Tall',cf = {16.399971, 40.3999939, -39.7999878, 0.987695932, -0.156386644, 5.05894423e-06, 5.05894423e-06, 6.42538071e-05, 1.00000012, -0.156386644, -0.987695992, 6.42538071e-05}},{Type = 'Wall2Tall',cf = {12, 39.4000015, -65.1000366, 0, -1, 0, 0, 0, 1, -1, 0, 0}},{Type = 'Wall2Tall',cf = {9.40000153, 39.3999939, 14.4000244, -0.777126312, -0.629344821, 8.55326653e-06, -8.55326653e-06, 2.41398811e-05, 1, -0.629344821, 0.777126253, -2.41994858e-05}},{Type = 'Wall2Tall',cf = {7.49999237, 40.4000168, -34.7000122, 0.629326999, -0.777140617, -4.50015068e-06, -4.50015068e-06, -9.53674316e-06, 1.00000012, -0.777140617, -0.629327059, -9.53674316e-06}},{Type = 'Wall2Tall',cf = {13.9000854, 40.3999977, -39.1000061, 0.933561027, -0.358418435, 1.29938126e-05, 1.29938126e-05, 7.01546669e-05, 1, -0.358418435, -0.933561087, 7.01546669e-05}},{Type = 'Wall2Tall',cf = {20, 39.4000015, -65.1000366, 0, -1, 0, 0, 0, 1, -1, 0, 0}},{Type = 'Wall2Tall',cf = {4, 38.4000015, 2.90002441, 0, -1, 0, 0, 0, 1, -1, 0, 0}},{Type = 'Wall2Tall',cf = {4, 38.4000015, -1.09997559, 0, -1, 0, 0, 0, 1, -1, 0, 0}},{Type = 'Wall2Tall',cf = {4, 38.4000015, -5.09997559, 0, -1, 0, 0, 0, 1, -1, 0, 0}},{Type = 'Wall2Tall',cf = {36, 39.4000015, -61.1000366, 0, -1, 0, 0, 0, 1, -1, 0, 0}},{Type = 'Wall2Tall',cf = {26.5, 40.4000015, 15.9000244, -0.866039991, 0.499974549, 5.5283308e-06, -5.5283308e-06, -2.06232071e-05, 0.99999994, 0.499974549, 0.866040051, 2.06232071e-05}},{Type = 'Wall2Tall',cf = {4, 38.4000015, -17.0999756, 0, -1, 0, 0, 0, 1, -1, 0, 0}},{Type = 'Wall2Tall',cf = {4, 38.4000015, -9.09997559, 0, -1, 0, 0, 0, 1, -1, 0, 0}},{Type = 'Wall2Tall',cf = {20, 39.4000015, -61.1000366, 0, -1, 0, 0, 0, 1, -1, 0, 0}},{Type = 'Wall2Tall',cf = {28, 39.4000015, -61.1000366, 0, -1, 0, 0, 0, 1, -1, 0, 0}},{Type = 'Wall2Tall',cf = {5.99999237, 40.4000168, -32.5, 0.499938965, -0.866060615, 1.18613243e-05, 1.18613243e-05, 2.05039978e-05, 1, -0.866060615, -0.499938965, 2.05039978e-05}},{Type = 'Wall2Tall',cf = {4.30000305, 40.3999977, -27.7000122, 0.156419814, -0.987690628, 5.1677227e-05, 5.1677227e-05, 6.05583191e-05, 1, -0.987690628, -0.156419784, 6.05583191e-05}},{Type = 'Wall2Tall',cf = {31.9000015, 40.3999939, 10.4000244, -0.499938965, 0.866060615, 1.18613243e-05, -1.18613243e-05, -2.05039978e-05, 1, 0.866060615, 0.499938965, 2.05039978e-05}},{Type = 'Wall2Tall',cf = {4, 38.4000015, -13.0999756, 0, -1, 0, 0, 0, 1, -1, 0, 0}},{Type = 'Wall2Tall',cf = {12, 39.4000015, -41.1000366, 0, -1, 0, 0, 0, 1, -1, 0, 0}},{Type = 'Wall2Tall',cf = {40, 39.4000015, -33.1000366, 0, -1, 0, 0, 0, 1, -1, 0, 0}},{Type = 'Wall2Tall',cf = {4, 38.4000015, -21.0999756, 0, -1, 0, 0, 0, 1, -1, 0, 0}},{Type = 'Wall2Tall',cf = {19, 40.4000015, 17.9000244, -1, 0, 0, 0, 0, 1, 0, 1, -0}},{Type = 'Wall2Tall',cf = {-24, 39.4000015, 69.5999756, 0, -1, 0, 0, 0, 1, -1, 0, 0}},{Type = 'Wall2Tall',cf = {40, 39.4000015, -37.1000366, 0, -1, 0, 0, 0, 1, -1, 0, 0}},{Type = 'Wall2Tall',cf = {29.6999969, 41.7000008, -91.2999878, -1, 0, 0, 0, 1, 0, 0, 0, -1}},{Type = 'Wall2Tall',cf = {11.5, 40.4000015, 15.9000244, -0.866039991, -0.499974549, -5.5283308e-06, 5.5283308e-06, -2.06232071e-05, 0.99999994, -0.499974549, 0.866040051, 2.06232071e-05}},{Type = 'Wall2Tall',cf = {40, 39.4000015, -41.1000366, 0, -1, 0, 0, 0, 1, -1, 0, 0}},{Type = 'Wall2Tall',cf = {24.0999985, 40.4000092, 17, -0.933561325, 0.358418494, -1.29938126e-05, 1.29938126e-05, 6.9975853e-05, 1.00000012, 0.358418494, 0.933561206, -7.03334808e-05}},{Type = 'Wall2Tall',cf = {28.5999985, 40.4000092, 14.4000244, -0.777126312, 0.629344821, -8.55326653e-06, 8.55326653e-06, 2.41398811e-05, 1, 0.629344821, 0.777126253, -2.41994858e-05}},{Type = 'Wall2Tall',cf = {18.9999695, 40.4000015, -40, 1, 0, -0, 0, 0, 1, 0, -1, 0}},{Type = 'Wall2Tall',cf = {30.4000015, 40.3999939, 12.5999756, -0.629327059, 0.777140617, -4.50015068e-06, 4.50015068e-06, 9.41753387e-06, 1.00000012, 0.777140617, 0.629327059, -9.53674316e-06}},{Type = 'Wall2Tall',cf = {4.8999939, 40.4000092, -30.2000122, 0.358427942, -0.933557391, 2.89082527e-06, 2.89082527e-06, 4.17232513e-06, 1, -0.933557391, -0.358427972, 4.17232513e-06}},{Type = 'Wall2Tall',cf = {40, 38.4000015, -29.1000366, 0, -1, 0, 0, 0, 1, -1, 0, 0}},{Type = 'Wall2Tall',cf = {11.4999695, 40.4000015, -38, 0.866040111, -0.499974549, 5.49852848e-06, 5.49852848e-06, 2.05039978e-05, 1.00000012, -0.499974549, -0.86604017, 2.05039978e-05}},{Type = 'Wall2Tall',cf = {9.39998627, 40.4000244, -36.5, 0.777126193, -0.629344821, -8.55326653e-06, -8.55326653e-06, -2.41994858e-05, 1, -0.629344821, -0.777126253, -2.41994858e-05}},{Type = 'Wall2Tall',cf = {28, 39.4000015, 30.9000244, 0, -1, 0, 0, 0, 1, -1, 0, 0}},{Type = 'Wall2Tall',cf = {20, 39.4000015, 42.9000244, 0, -1, 0, 0, 0, 1, -1, 0, 0}},{Type = 'Wall2Tall',cf = {40, 38.4000015, -25.1000366, 0, -1, 0, 0, 0, 1, -1, 0, 0}},{Type = 'Wall2Tall',cf = {26.4999695, 40.4000015, -38, 0.866040111, 0.499974549, -5.49852848e-06, -5.49852848e-06, 2.05039978e-05, 1.00000012, 0.499974549, -0.86604017, 2.05039978e-05}},{Type = 'Wall2Tall',cf = {36, 39.4000015, 38.9000244, 0, -1, 0, 0, 0, 1, -1, 0, 0}},{Type = 'Wall2Tall',cf = {36, 39.4000015, 46.9000244, 0, -1, 0, 0, 0, 1, -1, 0, 0}},{Type = 'Wall2Tall',cf = {20, 39.4000015, 46.9000244, 0, -1, 0, 0, 0, 1, -1, 0, 0}},{Type = 'Wall2Tall',cf = {20, 39.4000015, 38.9000244, 0, -1, 0, 0, 0, 1, -1, 0, 0}},{Type = 'Wall2Tall',cf = {36, 39.4000015, 42.9000244, 0, -1, 0, 0, 0, 1, -1, 0, 0}},{Type = 'Wall2Tall',cf = {36, 39.4000015, 22.9000244, 0, -1, 0, 0, 0, 1, -1, 0, 0}},{Type = 'Wall2Tall',cf = {36, 39.4000015, 34.9000244, 0, -1, 0, 0, 0, 1, -1, 0, 0}},{Type = 'Wall2Tall',cf = {20, 39.4000015, 34.9000244, 0, -1, 0, 0, 0, 1, -1, 0, 0}},{Type = 'Wall2Tall',cf = {71.7000122, 40.7000008, 71.4000244, 0.258864343, -0.965913713, 0, 0.965913713, 0.258864343, 0, 0, 0, 1}},{Type = 'Wall2Tall',cf = {20, 39.4000015, 22.9000244, 0, -1, 0, 0, 0, 1, -1, 0, 0}},{Type = 'Wall2Tall',cf = {36, 39.4000015, 30.9000244, 0, -1, 0, 0, 0, 1, -1, 0, 0}},{Type = 'Wall2Tall',cf = {-49.4000092, 36.2000084, 71.4000244, 0.629286051, 0.777173758, 0, -0.777173758, 0.629286051, -0, -0, 0, 1}},{Type = 'Wall2Tall',cf = {36, 39.4000015, 26.9000244, 0, -1, 0, 0, 0, 1, -1, 0, 0}},{Type = 'Wall2Tall',cf = {20, 39.4000015, 26.9000244, 0, -1, 0, 0, 0, 1, -1, 0, 0}},{Type = 'Wall2Tall',cf = {88, 39.4000015, 46.9000244, 0, -1, 0, 0, 0, 1, -1, 0, 0}},{Type = 'Wall2Tall',cf = {88, 39.4000015, 42.9000244, 0, -1, 0, 0, 0, 1, -1, 0, 0}},{Type = 'Wall2Tall',cf = {-24, 25.0999985, 71.4000244, 0.777145445, 0.629321039, 0, -0.629321039, 0.777145445, -0, -0, 0, 1}},{Type = 'Wall2Tall',cf = {-18.4000092, 35.0999985, 71.4000244, 0.777145445, -0.629321039, 0, 0.629321039, 0.777145445, 0, 0, 0, 1}},{Type = 'Wall2Tall',cf = {88, 39.4000015, 26.9000244, 0, -1, 0, 0, 0, 1, -1, 0, 0}},{Type = 'Wall2Tall',cf = {88, 39.4000015, -25.1000366, 0, -1, 0, 0, 0, 1, -1, 0, 0}},{Type = 'Wall2Tall',cf = {-35.6999969, 41.1000023, 71.4000244, 0, -1, 0, 1, 0, -0, 0, 0, 1}},{Type = 'Wall2Tall',cf = {88, 39.4000015, 30.9000244, 0, -1, 0, 0, 0, 1, -1, 0, 0}},{Type = 'Wall2Tall',cf = {88, 39.4000015, 38.9000244, 0, -1, 0, 0, 0, 1, -1, 0, 0}},{Type = 'Wall2Tall',cf = {88, 39.4000015, 34.9000244, 0, -1, 0, 0, 0, 1, -1, 0, 0}},{Type = 'Wall2Tall',cf = {80, 39.4000015, 6.90002441, 0, -1, 0, 0, 0, 1, -1, 0, 0}},{Type = 'Wall2Tall',cf = {88, 39.4000015, 22.9000244, 0, -1, 0, 0, 0, 1, -1, 0, 0}},{Type = 'Wall2Tall',cf = {88, 39.4000015, 18.9000244, 0, -1, 0, 0, 0, 1, -1, 0, 0}},{Type = 'Wall2Tall',cf = {80, 39.4000015, 14.9000244, 0, -1, 0, 0, 0, 1, -1, 0, 0}},{Type = 'Wall2Tall',cf = {88, 39.4000015, 50.9000244, 0, -1, 0, 0, 0, 1, -1, 0, 0}},{Type = 'Wall2Tall',cf = {80, 39.4000015, -9.09997559, 0, -1, 0, 0, 0, 1, -1, 0, 0}},{Type = 'Wall2Tall',cf = {80, 39.4000015, -1.09997559, 0, -1, 0, 0, 0, 1, -1, 0, 0}},{Type = 'Wall2Tall',cf = {80, 39.4000015, 10.9000244, 0, -1, 0, 0, 0, 1, -1, 0, 0}},{Type = 'Wall2Tall',cf = {88, 39.4000015, 6.90002441, 0, -1, 0, 0, 0, 1, -1, 0, 0}},{Type = 'Wall2Tall',cf = {80, 39.4000015, 2.90002441, 0, -1, 0, 0, 0, 1, -1, 0, 0}},{Type = 'Wall2Tall',cf = {80, 39.4000015, -5.09997559, 0, -1, 0, 0, 0, 1, -1, 0, 0}},{Type = 'Wall2Tall',cf = {88, 39.4000015, -5.09997559, 0, -1, 0, 0, 0, 1, -1, 0, 0}},{Type = 'Wall2Tall',cf = {88, 39.4000015, 2.90002441, 0, -1, 0, 0, 0, 1, -1, 0, 0}},{Type = 'Wall2Tall',cf = {88, 39.4000015, 10.9000244, 0, -1, 0, 0, 0, 1, -1, 0, 0}},{Type = 'Wall2Tall',cf = {88, 39.4000015, -17.0999756, 0, -1, 0, 0, 0, 1, -1, 0, 0}},{Type = 'Wall2Tall',cf = {88, 39.4000015, 14.9000244, 0, -1, 0, 0, 0, 1, -1, 0, 0}},{Type = 'Wall2Tall',cf = {88, 39.4000015, -1.09997559, 0, -1, 0, 0, 0, 1, -1, 0, 0}},{Type = 'Wall2Tall',cf = {88, 39.4000015, -9.09997559, 0, -1, 0, 0, 0, 1, -1, 0, 0}},{Type = 'Wall2Tall',cf = {88, 39.4000015, -13.0999756, 0, -1, 0, 0, 0, 1, -1, 0, 0}},{Type = 'Wall2Tall',cf = {80, 39.4000015, -13.0999756, 0, -1, 0, 0, 0, 1, -1, 0, 0}},{Type = 'Wall2Tall',cf = {80, 39.4000015, -17.0999756, 0, -1, 0, 0, 0, 1, -1, 0, 0}},{Type = 'Wall2Tall',cf = {80, 39.4000015, -21.0999756, 0, -1, 0, 0, 0, 1, -1, 0, 0}},{Type = 'Wall2Tall',cf = {80, 39.4000015, -25.1000366, 0, -1, 0, 0, 0, 1, -1, 0, 0}},{Type = 'Wall2Tall',cf = {72, 39.4000015, -45.1000366, 0, -1, 0, 0, 0, 1, -1, 0, 0}},{Type = 'Wall2Tall',cf = {88, 39.4000015, -21.0999756, 0, -1, 0, 0, 0, 1, -1, 0, 0}},{Type = 'Wall2Tall',cf = {88, 39.4000015, -89.1000366, 0, -1, 0, 0, 0, 1, -1, 0, 0}},{Type = 'Wall2Tall',cf = {80, 39.4000015, -45.1000366, 0, -1, 0, 0, 0, 1, -1, 0, 0}},{Type = 'Wall2Tall',cf = {72, 39.4000015, -33.1000366, 0, -1, 0, 0, 0, 1, -1, 0, 0}},{Type = 'Wall2Tall',cf = {72, 39.4000015, -49.1000366, 0, -1, 0, 0, 0, 1, -1, 0, 0}},{Type = 'Wall2Tall',cf = {72, 39.4000015, -53.1000366, 0, -1, 0, 0, 0, 1, -1, 0, 0}},{Type = 'Wall2Tall',cf = {80, 39.4000015, -33.1000366, 0, -1, 0, 0, 0, 1, -1, 0, 0}},{Type = 'Wall2Tall',cf = {72, 39.4000015, -37.1000366, 0, -1, 0, 0, 0, 1, -1, 0, 0}},{Type = 'Wall2Tall',cf = {72, 39.4000015, -41.1000366, 0, -1, 0, 0, 0, 1, -1, 0, 0}},{Type = 'Wall2Tall',cf = {80, 39.4000015, -53.1000366, 0, -1, 0, 0, 0, 1, -1, 0, 0}},{Type = 'Wall2Tall',cf = {80, 39.4000015, -49.1000366, 0, -1, 0, 0, 0, 1, -1, 0, 0}},{Type = 'Wall2Tall',cf = {88, 39.4000015, -33.1000366, 0, -1, 0, 0, 0, 1, -1, 0, 0}},{Type = 'Wall2Tall',cf = {80, 39.4000015, -37.1000366, 0, -1, 0, 0, 0, 1, -1, 0, 0}},{Type = 'Wall2Tall',cf = {80, 39.4000015, -41.1000366, 0, -1, 0, 0, 0, 1, -1, 0, 0}},{Type = 'Wall2Tall',cf = {88, 39.4000015, -53.1000366, 0, -1, 0, 0, 0, 1, -1, 0, 0}},{Type = 'Wall2Tall',cf = {88, 39.4000015, -49.1000366, 0, -1, 0, 0, 0, 1, -1, 0, 0}},{Type = 'Wall2Tall',cf = {88, 39.4000015, -29.1000366, 0, -1, 0, 0, 0, 1, -1, 0, 0}},{Type = 'Wall2Tall',cf = {88, 39.4000015, -45.1000366, 0, -1, 0, 0, 0, 1, -1, 0, 0}},{Type = 'Wall2Tall',cf = {88, 39.4000015, -41.1000366, 0, -1, 0, 0, 0, 1, -1, 0, 0}},{Type = 'Wall2Tall',cf = {88, 39.4000015, -37.1000366, 0, -1, 0, 0, 0, 1, -1, 0, 0}},{Type = 'Wall2Tall',cf = {72, 39.4000015, -29.1000366, 0, -1, 0, 0, 0, 1, -1, 0, 0}},{Type = 'Wall2Tall',cf = {64, 39.4000015, -73.1000366, 0, -1, 0, 0, 0, 1, -1, 0, 0}},{Type = 'Wall2Tall',cf = {80, 39.4000015, -29.1000366, 0, -1, 0, 0, 0, 1, -1, 0, 0}},{Type = 'Wall2Tall',cf = {88, 39.4000015, 58.9000244, 0, -1, 0, 0, 0, 1, -1, 0, 0}},{Type = 'Wall2Tall',cf = {88, 39.4000015, 54.9000244, 0, -1, 0, 0, 0, 1, -1, 0, 0}},{Type = 'Wall2Tall',cf = {72, 39.4000015, -61.1000366, 0, -1, 0, 0, 0, 1, -1, 0, 0}},{Type = 'Wall2Tall',cf = {80, 39.4000015, -65.1000366, 0, -1, 0, 0, 0, 1, -1, 0, 0}},{Type = 'Wall2Tall',cf = {72, 39.4000015, -65.1000366, 0, -1, 0, 0, 0, 1, -1, 0, 0}},{Type = 'Wall2Tall',cf = {72, 39.4000015, -69.1000366, 0, -1, 0, 0, 0, 1, -1, 0, 0}},{Type = 'Wall2Tall',cf = {88, 39.4000015, -61.1000366, 0, -1, 0, 0, 0, 1, -1, 0, 0}},{Type = 'Wall2Tall',cf = {80, 39.4000015, -61.1000366, 0, -1, 0, 0, 0, 1, -1, 0, 0}},{Type = 'Wall2Tall',cf = {72, 39.4000015, -73.1000366, 0, -1, 0, 0, 0, 1, -1, 0, 0}},{Type = 'Wall2Tall',cf = {88, 39.4000015, -73.1000366, 0, -1, 0, 0, 0, 1, -1, 0, 0}},{Type = 'Wall2Tall',cf = {80, 39.4000015, -73.1000366, 0, -1, 0, 0, 0, 1, -1, 0, 0}},{Type = 'Wall2Tall',cf = {80, 39.4000015, -69.1000366, 0, -1, 0, 0, 0, 1, -1, 0, 0}},{Type = 'Wall2Tall',cf = {88, 39.4000015, -57.1000366, 0, -1, 0, 0, 0, 1, -1, 0, 0}},{Type = 'Wall2Tall',cf = {88, 39.4000015, -69.1000366, 0, -1, 0, 0, 0, 1, -1, 0, 0}},{Type = 'Wall2Tall',cf = {88, 39.4000015, -65.1000366, 0, -1, 0, 0, 0, 1, -1, 0, 0}},{Type = 'Wall2Tall',cf = {64, 39.4000015, -77.1000366, 0, -1, 0, 0, 0, 1, -1, 0, 0}},{Type = 'Wall2Tall',cf = {80, 39.4000015, -57.1000366, 0, -1, 0, 0, 0, 1, -1, 0, 0}},{Type = 'Wall2Tall',cf = {72, 39.4000015, -57.1000366, 0, -1, 0, 0, 0, 1, -1, 0, 0}},{Type = 'Wall2Tall',cf = {72, 39.4000015, -77.1000366, 0, -1, 0, 0, 0, 1, -1, 0, 0}},{Type = 'Wall2Tall',cf = {64, 39.4000015, -85.1000366, 0, -1, 0, 0, 0, 1, -1, 0, 0}},{Type = 'Wall2Tall',cf = {64, 39.4000015, -81.1000366, 0, -1, 0, 0, 0, 1, -1, 0, 0}},{Type = 'Wall2Tall',cf = {80, 39.4000015, -77.1000366, 0, -1, 0, 0, 0, 1, -1, 0, 0}},{Type = 'Wall2Tall',cf = {72, 39.4000015, -85.1000366, 0, -1, 0, 0, 0, 1, -1, 0, 0}},{Type = 'Wall2Tall',cf = {72, 39.4000015, -81.1000366, 0, -1, 0, 0, 0, 1, -1, 0, 0}},{Type = 'Wall2Tall',cf = {88, 39.4000015, -77.1000366, 0, -1, 0, 0, 0, 1, -1, 0, 0}},{Type = 'Wall2Tall',cf = {80, 39.4000015, -85.1000366, 0, -1, 0, 0, 0, 1, -1, 0, 0}},{Type = 'Wall2Tall',cf = {80, 39.4000015, -81.1000366, 0, -1, 0, 0, 0, 1, -1, 0, 0}},{Type = 'Wall2Tall',cf = {80, 39.4000015, -89.1000366, 0, -1, 0, 0, 0, 1, -1, 0, 0}},{Type = 'Wall2Tall',cf = {88, 39.4000015, -85.1000366, 0, -1, 0, 0, 0, 1, -1, 0, 0}},{Type = 'Wall2Tall',cf = {88, 39.4000015, -81.1000366, 0, -1, 0, 0, 0, 1, -1, 0, 0}},{Type = 'Wall2Tall',cf = {50.3000031, 33.4000015, 71.4000244, 0.669109941, 0.743163466, 0, -0.743163466, 0.669109941, -0, -0, 0, 1}},{Type = 'Wall2Tall',cf = {72, 39.4000015, -89.1000366, 0, -1, 0, 0, 0, 1, -1, 0, 0}},{Type = 'Wall2Tall',cf = {64, 39.4000015, -89.1000366, 0, -1, 0, 0, 0, 1, -1, 0, 0}},{Type = 'Wall2Tall',cf = {-39.9000015, 42.6000023, -91.2999878, -0.258864403, 0.965913713, 0, 0.965913713, 0.258864343, 0, 0, 0, -1}},{Type = 'Wall2Tall',cf = {-50, 23, -91.2999878, -1, 0, 0, 0, 1, 0, 0, 0, -1}},{Type = 'Wall2Tall',cf = {-55.4000015, 38.5, -91.2999878, -0.258864403, 0.965913713, 0, 0.965913713, 0.258864343, 0, 0, 0, -1}},{Type = 'Wall2Tall',cf = {-18.5, 36.7999992, -91.2999878, -0.707134247, -0.707079291, 0, -0.707079291, 0.707134247, 0, -0, 0, -1}},{Type = 'Wall2Tall',cf = {-24.8000031, 25.7000008, 71.4000244, 0.777145445, 0.629321039, 0, -0.629321039, 0.777145445, -0, -0, 0, 1}},{Type = 'Wall2Tall',cf = {-24.0999985, 28.3000031, -91.2999878, -0.707134247, 0.707079291, 0, 0.707079291, 0.707134247, 0, 0, 0, -1}},{Type = 'Wall2Tall',cf = {-19.4000015, 34, -91.2999878, -1, 0, 0, 0, 1, 0, 0, 0, -1}},{Type = 'Wall2Tall',cf = {-47.6999969, 40.5, -91.2999878, -0.258864403, 0.965913713, 0, 0.965913713, 0.258864343, 0, 0, 0, -1}},{Type = 'Wall2Tall',cf = {-54, 32.5, -91.2999878, -1, 0, 0, 0, 1, 0, 0, 0, -1}},{Type = 'Wall2Tall',cf = {-53, 32, -91.2999878, -1, 0, 0, 0, 1, 0, 0, 0, -1}},{Type = 'Wall2Tall',cf = {-28.4000015, 39, -91.2999878, -1, 0, 0, 0, 1, 0, 0, 0, -1}},{Type = 'Wall2Tall',cf = {-54, 28.5, -91.2999878, -1, 0, 0, 0, 1, 0, 0, 0, -1}},{Type = 'Wall2Tall',cf = {53.1999969, 36.2000008, 71.4000244, 0.669109941, 0.743163466, 0, -0.743163466, 0.669109941, -0, -0, 0, 1}},{Type = 'Wall2Tall',cf = {-24.4000015, 40, -91.2999878, -1, 0, 0, 0, 1, 0, 0, 0, -1}},{Type = 'Wall2Tall',cf = {-32.1999969, 44.7000008, -91.2999878, -0.258864403, 0.965913713, 0, 0.965913713, 0.258864343, 0, 0, 0, -1}},{Type = 'Wall2Tall',cf = {-10, 24, -91.2999878, -1, 0, 0, 0, 1, 0, 0, 0, -1}},{Type = 'Wall2Tall',cf = {51.3000031, 33.9000015, -91.2999878, 0.777145445, 0.629321039,