return {{Type = 'Floor1Tiny',cf = {-10.7955322, 59.69104, 36.7233276, 1, 0, -0, 0, 0, 1, 0, -1, 0}},{Type = 'Wall2Tall',cf = {-28.2253418, 37.5842285, 6.13824463, -0.130574584, 0, 0.991438746, 0, 1, 0, -0.991438746, 0, -0.130574584}},{Type = 'Wall2Tall',cf = {-2.53173828, 11.6095276, 2.75537109, -0.130469322, -0.957669318, 0.256607324, -2.38418579e-07, 0.25881958, 0.965925694, -0.991452456, 0.12602362, -0.0337682962}},{Type = 'Wall2Tall',cf = {-24.4609985, 37.5842285, 17.2278442, -0.499959469, 0, 0.866048813, 0, 1, 0, -0.866048813, 0, -0.499959469}},{Type = 'Wall2Tall',cf = {-26.1973877, 37.5842285, 13.706665, -0.38268733, 0, 0.923877954, 0, 1, 0, -0.923877954, 0, -0.38268733}},{Type = 'Wall2Tall',cf = {12.0359497, 13.6282806, -2.13012695, -0.382689357, -0.892390847, -0.239138991, 2.92956829e-05, -0.258854628, 0.965916276, -0.92387712, 0.36963889, 0.0990869999}},{Type = 'Wall2Tall',cf = {-28.4821777, 37.5842285, 2.22058105, 0, 0, 1, 0, 1, -0, -1, 0, 0}},{Type = 'Wall2Tall',cf = {-15.2706299, 17.5543518, -4.73950195, -0.382727146, 0.800086737, 0.461932063, -3.59117985e-05, -0.500014305, 0.866017222, 0.923861504, 0.331431657, 0.191397667}},{Type = 'Wall2Tall',cf = {-16.4984131, 17.5541534, -0.152954102, -0.130515575, 0.858618796, 0.495721132, 4.0948391e-05, -0.499993324, 0.866029263, 0.991446257, 0.11305061, 0.0652217865}},{Type = 'Wall2Tall',cf = {-16.0357056, 17.5541534, -2.48657227, -0.258811712, 0.836489916, 0.483012497, -1.66594982e-05, -0.500054121, 0.865994096, 0.96592778, 0.224121451, 0.12943387}},{Type = 'Wall2Tall',cf = {-16.7392578, 37.5842285, 26.0328369, -0.793378353, 0, 0.608728826, 0, 1, 0, -0.608728826, 0, -0.793378353}},{Type = 'Wall2Tall',cf = {-6.23571777, 37.5842285, 31.2126465, -0.965929747, 0, 0.258804798, 0, 1, 0, -0.258804798, 0, -0.965929747}},{Type = 'Wall2Tall',cf = {-27.4594727, 37.5842285, 9.9888916, -0.258864403, 0, 0.965913713, 0, 1, 0, -0.965913713, 0, -0.258864403}},{Type = 'Wall2Tall',cf = {-9.95349121, 37.5842285, 29.9506226, -0.923881531, 0, 0.382678568, 0, 1, 0, -0.382678568, 0, -0.923881531}},{Type = 'Wall2Tall',cf = {1.53277588, 37.5842285, 32.2354126, -1, 0, 0, 0, 1, 0, 0, 0, -1}},{Type = 'Wall2Tall',cf = {-22.2797852, 37.5842285, 20.4923096, -0.608793378, 0, 0.793329239, 0, 1, 0, -0.793329239, 0, -0.608793378}},{Type = 'Wall2Tall',cf = {-19.6911621, 37.5842285, 23.4440918, -0.707134247, 0, 0.707079291, 0, 1, 0, -0.707079291, 0, -0.707134247}},{Type = 'Wall2Tall',cf = {13.0188599, 37.5842285, 29.9506836, -0.923881531, 0, -0.382678568, 0, 1, 0, 0.382678568, 0, -0.923881531}},{Type = 'Wall2Tall',cf = {-13.4747925, 37.5842285, 28.2141113, -0.866007447, 0, 0.500031412, 0, 1, 0, -0.500031412, 0, -0.866007447}},{Type = 'Wall2Tall',cf = {16.5400391, 37.5842285, 28.2142334, -0.866007447, 0, -0.500031412, 0, 1, 0, 0.500031412, 0, -0.866007447}},{Type = 'Wall2Tall',cf = {25.3449097, 37.5842285, 20.4925537, -0.608793378, 0, -0.793329239, 0, 1, 0, 0.793329239, 0, -0.608793378}},{Type = 'Wall2Tall',cf = {-0.76159668, 11.600708, -0.769287109, -0.793364525, 0.608746767, -2.36928463e-05, 2.36928463e-05, 6.9797039e-05, 1, 0.608746767, 0.793364525, -6.98566437e-05}},{Type = 'Wall2Tall',cf = {5.45043945, 37.5842285, 31.9786377, -0.991448522, 0, -0.130497962, 0, 1, 0, 0.130497962, 0, -0.991448522}},{Type = 'Wall2Tall',cf = {9.30114746, 37.5842285, 31.2126465, -0.965929747, 0, -0.258804798, 0, 1, 0, 0.258804798, 0, -0.965929747}},{Type = 'Wall2Tall',cf = {30.5245361, 37.5842285, 9.98931885, -0.258864403, 0, -0.965913713, 0, 1, 0, 0.965913713, 0, -0.258864403}},{Type = 'Wall2Tall',cf = {-2.3848877, 37.5842285, 31.9786377, -0.991448522, 0, 0.130497962, 0, 1, 0, -0.130497962, 0, -0.991448522}},{Type = 'Wall2Tall',cf = {19.8044434, 37.5842285, 26.03302, -0.793378353, 0, -0.608728826, 0, 1, 0, 0.608728826, 0, -0.793378353}},{Type = 'Wall2Tall',cf = {27.526123, 37.5842285, 17.2282104, -0.499959469, 0, -0.866048813, 0, 1, 0, 0.866048813, 0, -0.499959469}},{Type = 'Wall2Tall',cf = {31.2904663, 37.5842285, 6.13867188, -0.130574584, 0, -0.991438746, 0, 1, 0, 0.991438746, 0, -0.130574584}},{Type = 'Wall2Tall',cf = {-26.4284668, 53.0482025, 2.22058105, -2.06232071e-05, 0.499974549, 0.866040051, 5.5283308e-06, 0.866040111, -0.499974549, -0.99999994, -5.5283308e-06, -2.06232071e-05}},{Type = 'Wall2Tall',cf = {22.7562866, 37.5842285, 23.4443359, -0.707134247, 0, -0.707079291, 0, 1, 0, 0.707079291, 0, -0.707134247}},{Type = 'Wall2Tall',cf = {29.2625732, 37.5842285, 13.7070312, -0.38268733, 0, -0.923877954, 0, 1, 0, 0.923877954, 0, -0.38268733}},{Type = 'Wall2Tall',cf = {-1.45623779, 11.600708, -0.0724487305, -0.608763218, 0.793352008, -2.56597996e-05, 2.56597996e-05, 5.19752502e-05, 1, 0.793352008, 0.608763099, -5.19752502e-05}},{Type = 'Wall2Tall',cf = {-28.4732666, 45.4514008, 2.22058105, -1.26361847e-05, 0.258770198, 0.965938866, 1.66893005e-06, 0.965938926, -0.258770198, -0.99999994, -1.66893005e-06, -1.26361847e-05}},{Type = 'Wall2Tall',cf = {-28.2165527, 45.4514008, 6.13708496, -0.130495548, 0.256624192, 0.957661211, -2.00867653e-05, 0.96592021, -0.258840084, -0.991448939, -0.0337966979, -0.126043081}},{Type = 'Wall2Tall',cf = {25.3302612, 59.8026581, 2.22058105, -2.06232071e-05, 0.499974549, -0.866040051, -5.5283308e-06, -0.866039991, -0.499974549, -0.99999994, -5.5283308e-06, 2.06232071e-05}},{Type = 'Wall2Tall',cf = {-22.4871826, 59.8569183, 2.22058105, 8.04066658e-05, 0.707153201, 0.707060277, -3.32891941e-05, 0.707060337, -0.707153201, -0.99999994, 3.32891941e-05, 8.04066658e-05}},{Type = 'Wall2Tall',cf = {-1.13165283, 11.6010666, -0.443603516, -0.707107067, 0.707106531, -6.00814819e-05, -5.2690506e-05, 3.23057175e-05, 1, 0.707106531, 0.707107067, 1.4424324e-05}},{Type = 'Wall2Tall',cf = {-1.7298584, 11.6006165, 0.337280273, -0.5, 0.866025329, 4.70876694e-05, 5.86211681e-05, -2.05039978e-05, 1, 0.866025388, 0.5, -4.05311584e-05}},{Type = 'Wall2Tall',cf = {-2.56719971, 11.609848, 2.22058105, 2.24113464e-05, -0.965912342, 0.25886941, 1.719594e-05, 0.25886941, 0.965912342, -1, -1.719594e-05, 2.24113464e-05}},{Type = 'Wall2Tall',cf = {-1.94909668, 11.6008453, 0.778381348, -0.382670999, 0.923884749, 6.37769699e-06, -6.37769699e-06, -9.53674316e-06, 1, 0.923884749, 0.382670939, 9.47713852e-06}},{Type = 'Wall2Tall',cf = {31.2747192, 37.516449, 2.22058105, 1.257658e-05, -0.258770257, -0.965939045, -1.66893005e-06, -0.965939164, 0.258770257, -1.00000012, -1.66893005e-06, -1.28746033e-05}},{Type = 'Wall2Tall',cf = {-7.48693848, 13.628212, -4.69995117, -0.608761311, 0.766316295, 0.205351204, 2.84612179e-05, -0.258818388, 0.965926051, 0.793353558, 0.588024259, 0.157536745}},{Type = 'Wall2Tall',cf = {29.2561646, 52.9849854, 2.22058105, 1.257658e-05, 0.258770257, -0.965939045, 1.66893005e-06, -0.965939164, -0.258770257, -1.00000012, 1.66893005e-06, -1.28746033e-05}},{Type = 'Wall2Tall',cf = {12.9016113, 13.6284409, 2.22058105, 7.44462013e-05, -0.965912402, -0.258869469, -5.71608543e-05, -0.258869529, 0.965912402, -1, -5.71608543e-05, -7.46250153e-05}},{Type = 'Wall2Tall',cf = {31.2836914, 45.3835754, 2.22058105, 0, 0, -1, 0, -1, -0, -1, 0, -0}},{Type = 'Wall2Tall',cf = {29.2299194, 29.9196472, 2.22058105, -2.06232071e-05, -0.499974549, -0.866040051, 5.5283308e-06, -0.866039991, 0.499974549, -0.99999994, 5.5283308e-06, 2.06232071e-05}},{Type = 'Wall2Tall',cf = {5.30010986, 11.6008987, 2.22058105, 0, -1, 0, 0, 0, 1, -1, 0, 0}},{Type = 'Wall2Tall',cf = {25.2885742, 23.1109161, 2.22058105, -8.04662704e-05, -0.70715332, -0.707060337, 3.32891941e-05, -0.707060575, 0.70715332, -1.00000012, 3.32891941e-05, 8.02278519e-05}},{Type = 'Wall2Tall',cf = {19.7192383, 17.5542755, 2.22058105, 2.05039978e-05, -0.866060615, -0.499938965, -1.18613243e-05, -0.499938965, 0.866060615, -1, -1.18613243e-05, -2.05039978e-05}},{Type = 'Wall2Tall',cf = {-22.5293579, 23.1652069, 2.22058105, 2.05039978e-05, -0.499974549, 0.86604017, 5.49852848e-06, 0.866040111, 0.499974549, -1.00000012, -5.49852848e-06, 2.05039978e-05}},{Type = 'Wall2Tall',cf = {-16.9727173, 17.5959625, 2.22058105, 8.04066658e-05, -0.707153201, 0.707060277, 3.32891941e-05, 0.707060337, 0.707153201, -0.99999994, -3.32891941e-05, 8.04066658e-05}},{Type = 'Wall2Tall',cf = {-26.189209, 53.0482178, 5.87023926, -0.130509257, 0.495708555, 0.858626962, 3.50773335e-05, 0.866036415, -0.499980897, -0.991447091, -0.0652220547, -0.113043189}},{Type = 'Wall2Tall',cf = {-10.0635986, 13.6543427, 3.74700928, -0.130515575, -0.858618796, 0.495721132, 4.0948391e-05, 0.499993324, 0.866029263, -0.991446257, 0.11305061, -0.0652217865}},{Type = 'Wall2Tall',cf = {-10.1639404, 13.6546402, 2.22058105, -4.05311584e-05, -0.865990162, 0.500061035, -2.33948231e-05, 0.500061035, 0.865990162, -1, 2.33948231e-05, -4.05311584e-05}},{Type = 'Wall2Tall',cf = {5.01318359, 11.6008224, 0.778808594, -0.382670999, -0.923884749, 6.37769699e-06, -6.37769699e-06, 9.47713852e-06, 1, -0.923884749, 0.382670939, -9.53674316e-06}},{Type = 'Wall2Tall',cf = {-22.2816162, 59.8569336, 5.35577393, -0.130483031, 0.701052606, 0.701070189, -1.2755394e-05, 0.707114458, -0.70709908, -0.991450548, -0.0922733843, -0.0922574997}},{Type = 'Wall2Tall',cf = {28.993103, 29.9195099, -1.39489746, -0.130509257, -0.495708555, -0.858626962, 3.50773335e-05, -0.866036415, 0.499980897, -0.991447091, 0.0652220547, 0.113043249}},{Type = 'Wall2Tall',cf = {-0.882568359, 17.5964813, 20.5667725, -0.991444707, -0.0923033655, 0.0922957063, -1.06729567e-05, 0.707134724, 0.707078934, -0.130531251, 0.701028347, -0.701086164}},{Type = 'Wall2Tall',cf = {-7.72045898, 17.595932, 18.24646, -0.866027355, -0.353559852, 0.353542268, -2.71648169e-05, 0.707122445, 0.707091093, -0.499996722, 0.612350583, -0.612397075}},{Type = 'Wall2Tall',cf = {-3.25646973, 17.5954895, 20.0947876, -0.965928197, -0.182993948, 0.183021426, 3.00034881e-05, 0.707080603, 0.707132995, -0.258811951, 0.683044851, -0.682983756}},{Type = 'Wall2Tall',cf = {-26.4552002, 29.9828339, 2.22058105, 1.2755394e-05, -0.258770198, 0.965938866, 1.66893005e-06, 0.965938926, 0.258770198, -0.99999994, -1.66893005e-06, 1.2755394e-05}},{Type = 'Wall2Tall',cf = {31.0292969, 45.3834991, -1.66290283, -0.130574584, -0, -0.991438746, 0, -1.00000048, 0, -0.991438746, 0, 0.130574167}},{Type = 'Wall2Tall',cf = {-1.3661499, 11.6090393, 5.11889648, -0.707138538, -0.682976604, 0.183024198, 2.73287296e-05, 0.258820593, 0.965925336, -0.707074881, 0.683048248, -0.183003306}},{Type = 'Wall2Tall',cf = {25.12677, 59.8027496, -0.885742188, -0.130509257, 0.495708555, -0.858626962, -3.50773335e-05, -0.866036415, -0.499980897, -0.991447091, -0.0652220547, 0.113043249}},{Type = 'Wall2Tall',cf = {12.5137939, 13.6284027, -0.721801758, -0.258817315, -0.933011532, -0.250007063, -3.51071358e-05, -0.258817315, 0.965926528, -0.965926528, 0.250007063, 0.066953361}},{Type = 'Wall2Tall',cf = {29.019043, 52.9850159, -1.39825439, -0.130495548, 0.256624192, -0.957661211, 2.00867653e-05, -0.96592021, -0.258840084, -0.991448939, -0.0337966979, 0.126043022}},{Type = 'Wall2Tall',cf = {3.94812012, 17.5956345, 20.5671387, -0.991444707, 0.0923033655, -0.0922957063, 1.06729567e-05, 0.707134724, 0.707078934, 0.130531251, 0.701028347, -0.701086164}},{Type = 'Wall2Tall',cf = {19.5639648, 17.5540314, -0.153564453, -0.130515575, -0.858618796, -0.495721132, -4.0948391e-05, -0.499993324, 0.866029263, -0.991446257, 0.11305061, 0.0652217865}},{Type = 'Wall2Tall',cf = {12.8045654, 13.6281128, 0.73626709, -0.130469322, -0.957669318, -0.256607324, 2.38418579e-07, -0.258819699, 0.965925694, -0.991452456, 0.12602362, 0.033768177}},{Type = 'Wall2Tall',cf = {31.0203857, 37.5163116, -1.6618042, -0.130495548, -0.256624192, -0.957661211, -2.00867653e-05, -0.96592021, 0.258840084, -0.991448939, 0.0337966979, 0.126043022}},{Type = 'Wall2Tall',cf = {-16.8140869, 17.5957031, 4.63580322, -0.130483031, -0.701052606, 0.701070189, 1.2755394e-05, 0.707114458, 0.70709908, -0.991450548, 0.0922733843, -0.0922574997}},{Type = 'Wall2Tall',cf = {1.53277588, 17.5960541, 20.7258911, -1, 0, 0, 0, 0.707134247, 0.707079291, 0, 0.707079291, -0.707134247}},{Type = 'Wall2Tall',cf = {5.26812744, 11.6005707, 1.72845459, -0.130536318, -0.991443515, 3.59416008e-05, -3.59416008e-05, 4.10079956e-05, 1, -0.991443515, 0.130536318, -4.10079956e-05}},{Type = 'Wall2Tall',cf = {25.0855713, 23.110733, -0.880493164, -0.130483031, -0.701052606, -0.701070189, -1.2755394e-05, -0.707114458, 0.70709908, -0.991450548, 0.0922733843, 0.0922574997}},{Type = 'Wall2Tall',cf = {-25.475708, 53.0482025, 9.45739746, -0.258815527, 0.482913077, 0.836546123, -1.33365393e-05, 0.8660537, -0.499951005, -0.965926707, -0.129406273, -0.224141717}},{Type = 'Wall2Tall',cf = {28.3114014, 52.9848022, -4.95477295, -0.258794546, 0.249989003, -0.93302238, -9.27597284e-06, -0.965929985, -0.258803517, -0.965932369, -0.0669682994, 0.249979794}},{Type = 'Wall2Tall',cf = {-21.6686401, 59.8569336, 8.43725586, -0.25878036, 0.683033466, 0.683006585, 2.95341015e-05, 0.707098484, -0.707115054, -0.965936124, -0.182967305, -0.183003306}},{Type = 'Wall2Tall',cf = {24.4786377, 23.1106873, -3.92785645, -0.258780599, -0.683033586, -0.683006704, 2.95341015e-05, -0.707098722, 0.707115173, -0.965936363, 0.182967335, 0.183003247}},{Type = 'Wall2Tall',cf = {-26.2155151, 29.9827118, 5.87365723, -0.130495548, -0.256624192, 0.957661211, 2.00867653e-05, 0.96592021, 0.258840084, -0.991448939, 0.0337966979, -0.126043081}},{Type = 'Wall2Tall',cf = {-22.3232422, 23.1649933, 5.36114502, -0.130509377, -0.495759577, 0.858597517, 2.38418579e-05, 0.866002858, 0.500039101, -0.991447091, 0.0652802289, -0.113009691}},{Type = 'Wall2Tall',cf = {-0.963012695, 11.609726, 5.47265625, -0.793364048, -0.588015795, 0.15751414, -3.92496586e-05, 0.258800745, 0.9659307, -0.608747303, 0.766328573, -0.205346346}},{Type = 'Wall2Tall',cf = {-1.71984863, 11.6092529, 4.71569824, -0.608761191, -0.766316295, 0.205351174, 2.84910202e-05, 0.258818328, 0.965926051, -0.793353498, 0.588024139, -0.157536745}},{Type = 'Wall2Tall',cf = {-9.7388916, 13.628479, 0.736938477, -0.130469322, 0.957669318, 0.256607324, -2.38418579e-07, -0.258819699, 0.965925694, 0.991452456, 0.12602362, 0.033768177}},{Type = 'Wall2Tall',cf = {-2.01757812, 11.6096268, 4.27038574, -0.499985933, -0.836520255, 0.224161029, 4.39882278e-05, 0.258811831, 0.96592778, -0.866033673, 0.482960045, -0.129365563}},{Type = 'Wall2Tall',cf = {-27.4508057, 45.4513855, 9.9866333, -0.258794546, 0.249989003, 0.93302238, 9.27597284e-06, 0.965929985, -0.258803517, -0.965932369, -0.0669682994, -0.249979734}},{Type = 'Wall2Tall',cf = {-5.54937744, 17.5960388, 19.3170166, -0.923876047, -0.270616978, 0.27059105, -1.9878149e-05, 0.707106829, 0.707106769, -0.38269189, 0.653273642, -0.65328455}},{Type = 'Wall2Tall',cf = {30.2609863, 37.5162048, -5.47723389, -0.258794546, -0.249989003, -0.93302238, 9.27597284e-06, -0.965929985, 0.258803517, -0.965932369, 0.0669682994, 0.249979794}},{Type = 'Wall2Tall',cf = {24.5193481, 59.8024902, -3.9387207, -0.258815885, 0.482913196, -0.836546302, 1.33365393e-05, -0.866054058, -0.499951124, -0.965927005, -0.129406318, 0.224141598}},{Type = 'Wall2Tall',cf = {-13.4703369, 45.451416, 28.2064209, -0.866036773, 0.129427612, 0.482937843, 2.99140811e-05, 0.965926826, -0.258815289, -0.499980479, -0.224129096, -0.836531997}},{Type = 'Wall2Tall',cf = {30.2697754, 45.3833618, -5.47949219, -0.258864403, -0, -0.965913713, 0, -1, 0, -0.965913713, 0, 0.258864343}},{Type = 'Wall2Tall',cf = {28.2857666, 29.9194031, -4.94799805, -0.258788586, -0.483023524, -0.83649081, -4.35113907e-06, -0.865991116, 0.500059485, -0.965934098, 0.129413277, 0.224106312}},{Type = 'Wall2Tall',cf = {-21.7097168, 23.1655731, 8.44848633, -0.258788586, -0.482976526, 0.836518109, -5.0008297e-05, 0.866026461, 0.499998212, -0.965934217, 0.129351899, -0.224141955}},{Type = 'Wall2Tall',cf = {-2.4276123, 11.6099472, 3.28186035, -0.258817315, -0.933011532, 0.250007063, 3.51071358e-05, 0.258816957, 0.965926528, -0.965926528, 0.250007063, -0.0669537783}},{Type = 'Wall2Tall',cf = {19.0991821, 17.554184, -2.48632812, -0.258811951, -0.836520255, -0.482960045, -4.39882278e-05, -0.499985933, 0.866033673, -0.96592778, 0.224161029, 0.129365444}},{Type = 'Wall2Tall',cf = {-16.7337646, 45.4513855, 26.0257568, -0.79333961, 0.15756321, 0.588036001, -1.92299485e-05, 0.965919554, -0.258842409, -0.60877949, -0.205361217, -0.766299248}},{Type = 'Wall2Tall',cf = {-9.95013428, 45.451416, 29.9423828, -0.923892617, 0.0990417898, 0.369612485, 6.67199492e-06, 0.965927124, -0.258814275, -0.382652134, -0.239114091, -0.892413497}},{Type = 'Wall2Tall',cf = {-25.5018311, 29.9832764, 9.46447754, -0.258794546, -0.249989003, 0.93302238, -9.27597284e-06, 0.965929985, 0.258803517, -0.965932369, 0.0669682994, -0.249979734}},{Type = 'Wall2Tall',cf = {-9.765625, 13.6548462, 5.24804688, -0.258811951, -0.836520255, 0.482960045, 4.39882278e-05, 0.499985754, 0.866033673, -0.96592778, 0.224161029, -0.129365563}},{Type = 'Wall2Tall',cf = {-24.4532471, 45.4514008, 17.2233887, -0.500037193, 0.224134564, 0.836496592, -4.09781933e-07, 0.965926945, -0.258814961, -0.86600399, -0.129417449, -0.482999325}},{Type = 'Wall2Tall',cf = {-16.3424072, 17.5962982, 7.01031494, -0.25878036, -0.683033466, 0.683006585, -2.95341015e-05, 0.707098484, 0.707115054, -0.965936124, 0.182967305, -0.183003306}},{Type = 'Wall2Tall',cf = {5.17138672, 11.6009369, 1.2456665, -0.258869529, -0.965912402, 5.71608543e-05, -5.71608543e-05, 7.44462013e-05, 1, -0.965912402, 0.258869469, -7.46250153e-05}},{Type = 'Wall2Tall',cf = {-26.189209, 45.4514008, 13.7032471, -0.382677436, 0.239131391, 0.892398059, -3.48314643e-05, 0.965918303, -0.258847177, -0.923882067, -0.0990860611, -0.36962688}},{Type = 'Wall2Tall',cf = {-22.2727051, 45.4514008, 20.4868164, -0.608737826, 0.205359876, 0.766332567, 4.21181321e-05, 0.965927362, -0.258813322, -0.793371499, -0.157517165, -0.588005185}},{Type = 'Wall2Tall',cf = {-24.3000488, 53.0481873, 12.9207764, -0.382712245, 0.461967468, 0.800073445, 4.26471233e-05, 0.866013169, -0.50002116, -0.923867643, -0.19133009, -0.331453562}},{Type = 'Wall2Tall',cf = {-9.16772461, 53.0482178, 28.0532227, -0.923880219, 0.191345245, 0.331410795, 1.7426908e-05, 0.866040587, -0.499973744, -0.38268277, -0.46190986, -0.800121069}},{Type = 'Wall2Tall',cf = {-19.6849365, 45.451416, 23.4377441, -0.707081079, 0.182993948, 0.683044851, -3.00034881e-05, 0.96592772, -0.258811951, -0.707132995, -0.183021426, -0.682983756}},{Type = 'Wall2Tall',cf = {1.53277588, 45.4514008, 32.2265015, -1, 0, 0, 0, 0.965929627, -0.258804798, -0, -0.258804798, -0.965929747}},{Type = 'Wall2Tall',cf = {-6.23339844, 45.4514008, 31.2040405, -0.965931773, 0.0670033991, 0.249973103, 2.9373914e-05, 0.965931654, -0.258797228, -0.258797228, -0.249973103, -0.933026075}},{Type = 'Wall2Tall',cf = {-2.38378906, 45.4514008, 31.9697876, -0.991448998, 0.0337981842, 0.126044765, 2.03065574e-05, 0.96591866, -0.258845896, -0.1304975, -0.256629854, -0.957659721}},{Type = 'Wall2Tall',cf = {19.7990112, 45.4514008, 26.0259399, -0.79333961, -0.15756321, -0.588036001, 1.92299485e-05, 0.965919554, -0.258842409, 0.60877949, -0.205361217, -0.766299248}},{Type = 'Wall2Tall',cf = {13.0154419, 45.4514008, 29.9424438, -0.923892617, -0.0990417898, -0.369612485, -6.67199492e-06, 0.965927124, -0.258814275, 0.382652134, -0.239114091, -0.892413497}},{Type = 'Wall2Tall',cf = {-20.6505127, 53.0481873, 19.2420044, -0.608783722, 0.396650195, 0.68705976, -3.38256359e-06, 0.86603713, -0.499979615, -0.793336272, -0.304381788, -0.527227998}},{Type = 'Wall2Tall',cf = {16.5355835, 45.4514008, 28.206543, -0.866036773, -0.129427612, -0.482937843, -2.99140811e-05, 0.965926826, -0.258815289, 0.499980479, -0.224129096, -0.836531997}},{Type = 'Wall2Tall',cf = {5.44934082, 45.4514008, 31.9698486, -0.991448998, -0.0337981842, -0.126044765, -2.03065574e-05, 0.96591866, -0.258845896, 0.1304975, -0.256629854, -0.957659721}},{Type = 'Wall2Tall',cf = {22.749939, 45.451416, 23.4380493, -0.707081079, -0.182993948, -0.683044851, 3.00034881e-05, 0.96592772, -0.258811951, 0.707132995, -0.183021426, -0.682983756}},{Type = 'Wall2Tall',cf = {25.3378296, 45.4514008, 20.4871826, -0.608737826, -0.205359876, -0.766332567, -4.21181321e-05, 0.965927362, -0.258813322, 0.793371499, -0.157517165, -0.588005185}},{Type = 'Wall2Tall',cf = {27.5183716, 45.451416, 17.2237549, -0.500037193, -0.224134564, -0.836496592, 4.09781933e-07, 0.965926945, -0.258814961, 0.86600399, -0.129417449, -0.482999325}},{Type = 'Wall2Tall',cf = {29.2543335, 45.4514008, 13.7036133, -0.382677436, -0.239131391, -0.892398059, 3.48314643e-05, 0.965918303, -0.258847177, 0.923882067, -0.0990860611, -0.36962688}},{Type = 'Wall2Tall',cf = {-12.447937, 53.0482178, 26.4355469, -0.866037607, 0.249986798, 0.432996809, 9.63360071e-06, 0.86603719, -0.499979615, -0.499979615, -0.432996809, -0.750023246}},{Type = 'Wall2Tall',cf = {30.5159302, 45.4514008, 9.98699951, -0.258794546, -0.249989003, -0.93302238, -9.27597284e-06, 0.965929985, -0.258803517, 0.965932369, -0.0669682994, -0.249979734}},{Type = 'Wall2Tall',cf = {9.29882812, 45.4514008, 31.2041016, -0.965931773, -0.0670033991, -0.249973103, -2.9373914e-05, 0.965931654, -0.258797228, 0.258797228, -0.249973103, -0.933026075}},{Type = 'Wall2Tall',cf = {-22.6824951, 53.048233, 16.2009277, -0.499990225, 0.432986617, 0.750022173, -1.70618296e-05, 0.866039872, -0.499975026, -0.866031528, -0.249995217, -0.433004141}},{Type = 'Wall2Tall',cf = {31.2816162, 45.4514008, 6.13745117, -0.130495548, -0.256624192, -0.957661211, 2.00867653e-05, 0.96592021, -0.258840084, 0.991448939, -0.0337966979, -0.126043081}},{Type = 'Wall2Tall',cf = {8.76965332, 53.0482178, 29.2290039, -0.965926886, -0.129427612, -0.224129096, -2.99140811e-05, 0.866036654, -0.499980479, 0.258815289, -0.482937843, -0.836531997}},{Type = 'Wall2Tall',cf = {18.5541992, 53.0481873, 24.4036865, -0.793330193, -0.304413676, -0.527219236, -3.8638711e-05, 0.866033852, -0.499985427, 0.608792126, -0.396632999, -0.687062621}},{Type = 'Wall2Tall',cf = {-15.4890137, 53.0481567, 24.4035645, -0.793330193, 0.304413676, 0.527219236, 3.8638711e-05, 0.866033852, -0.499985427, -0.608792126, -0.396632999, -0.687062621}},{Type = 'Wall2Tall',cf = {-2.11694336, 53.0481873, 29.9425049, -0.991442204, 0.0652547851, 0.113067895, -2.45496631e-05, 0.866015077, -0.500017881, -0.130547062, -0.495741576, -0.858602405}},{Type = 'Wall2Tall',cf = {-18.2389526, 53.0481873, 21.9918823, -0.707122564, 0.353559852, 0.612350583, 2.71648169e-05, 0.866027296, -0.499996722, -0.707091093, -0.353542268, -0.612397075}},{Type = 'Wall2Tall',cf = {-15.4520264, 59.8568573, 19.2049561, -0.707138419, 0.499997914, 0.499958038, -2.16066837e-06, 0.707077026, -0.707136631, -0.707075596, -0.500044346, -0.500000358}},{Type = 'Wall2Tall',cf = {25.7474976, 53.0482025, 16.201355, -0.499990225, -0.432986617, -0.750022173, 1.70618296e-05, 0.866039872, -0.499975026, 0.866031528, -0.249995217, -0.433004141}},{Type = 'Wall2Tall',cf = {12.2329102, 53.0481873, 28.0533447, -0.923880219, -0.191345245, -0.331410795, -1.7426908e-05, 0.866040587, -0.499973744, 0.38268277, -0.46190986, -0.800121069}},{Type = 'Wall2Tall',cf = {5.18237305, 53.0481873, 29.9425049, -0.991442204, -0.0652547851, -0.113067895, 2.45496631e-05, 0.866015077, -0.500017881, 0.130547062, -0.495741576, -0.858602405}},{Type = 'Wall2Tall',cf = {-5.7041626, 53.0482178, 29.2288818, -0.965926886, 0.129427612, 0.224129096, 2.99140811e-05, 0.866036654, -0.499980479, -0.258815289, -0.482937843, -0.836531997}},{Type = 'Wall2Tall',cf = {15.5131836, 53.0482178, 26.4356689, -0.866037607, -0.249986798, -0.432996809, -9.63360071e-06, 0.86603719, -0.499979615, 0.499979615, -0.432996809, -0.750023246}},{Type = 'Wall2Tall',cf = {23.7156372, 53.0482025, 19.2423706, -0.608783722, -0.396650195, -0.68705976, 3.38256359e-06, 0.86603713, -0.499979615, 0.793336272, -0.304381788, -0.527227998}},{Type = 'Wall2Tall',cf = {1.53277588, 53.0482025, 30.1817627, -1.00000024, 0, 0, 0, 0.866007268, -0.500031412, -0, -0.500031412, -0.866007447}},{Type = 'Wall2Tall',cf = {-17.5236816, 59.8569031, 16.8426514, -0.608773828, 0.56100899, 0.56094873, 4.8995018e-05, 0.707095385, -0.707118213, -0.793343902, -0.430447519, -0.430488706}},{Type = 'Wall2Tall',cf = {21.3040771, 53.0482025, 21.9921875, -0.707122564, -0.353559852, -0.612350583, -2.71648169e-05, 0.866027296, -0.499996722, 0.707091093, -0.353542268, -0.612397075}},{Type = 'Wall2Tall',cf = {29.2542725, 53.0481873, 5.87060547, -0.130509257, -0.495708555, -0.858626962, -3.50773335e-05, 0.866036415, -0.499980897, 0.991447091, -0.0652220547, -0.113043189}},{Type = 'Wall2Tall',cf = {0.090637207, 11.6008224, -1.26025391, -0.923887491, 0.382664502, -5.70714474e-06, 5.70714474e-06, 2.86698341e-05, 1, 0.382664502, 0.923887432, -2.87294388e-05}},{Type = 'Wall2Tall',cf = {-19.269165, 59.8569336, 14.2302246, -0.499983788, 0.612379551, 0.612378478, -4.59551811e-05, 0.707087398, -0.707126141, -0.866034746, -0.35357976, -0.353504062}},{Type = 'Wall2Tall',cf = {28.5408325, 53.0482025, 9.45776367, -0.258788586, -0.482976526, -0.836518109, -5.0008297e-05, 0.866026461, -0.499998212, 0.965934217, -0.129351899, -0.224141955}},{Type = 'Wall2Tall',cf = {-13.0896606, 59.8568726, 21.2767334, -0.793330431, 0.430473298, 0.430487514, -2.06828117e-05, 0.707099378, -0.70711422, -0.608791232, -0.560984135, -0.560954571}},{Type = 'Wall2Tall',cf = {2.02478027, 11.6011963, -1.51525879, -0.991445065, -0.13052626, -6.02900982e-05, -6.15119934e-05, 5.24520874e-06, 1.00000012, -0.13052626, 0.991444945, -1.33514404e-05}},{Type = 'Wall2Tall',cf = {27.3651123, 53.048172, 12.9211426, -0.382712245, -0.461967468, -0.800073445, -4.26471233e-05, 0.866013169, -0.50002116, 0.923867643, -0.19133009, -0.331453562}},{Type = 'Wall2Tall',cf = {4.7956543, 11.6007233, 0.336791992, -0.5, -0.866025388, -5.86211681e-05, -4.70876694e-05, -4.05311584e-05, 1, -0.866025329, 0.5, -2.05039978e-05}},{Type = 'Wall2Tall',cf = {1.53277588, 11.6009827, -1.546875, -1, 0, 0, 0, 0, 1, 0, 1, -0}},{Type = 'Wall2Tall',cf = {-20.6586914, 59.8569031, 11.4124756, -0.38269949, 0.653277636, 0.653275967, 2.1725893e-05, 0.707112253, -0.707101285, -0.923872828, -0.270593107, -0.27062571}},{Type = 'Wall2Tall',cf = {2.50817871, 11.6006317, -1.41894531, -0.965939164, -0.258770257, -1.66893005e-06, 1.66893005e-06, -1.28746033e-05, 1.00000012, -0.258770257, 0.965939045, 1.257658e-05}},{Type = 'Wall2Tall',cf = {1.04101562, 11.6006775, -1.51489258, -0.991436958, 0.130586892, 8.7171793e-07, -8.7171793e-07, -1.33514404e-05, 1, 0.130586892, 0.991436899, 1.32918358e-05}},{Type = 'Wall2Tall',cf = {3.82629395, 11.6007385, -0.768798828, -0.793364525, -0.608746767, 2.36928463e-05, -2.36928463e-05, 6.9797039e-05, 1, -0.608746767, 0.793364525, -6.98566437e-05}},{Type = 'Wall2Tall',cf = {0.557373047, 11.6003876, -1.41949463, -0.965939164, 0.258770257, 1.66893005e-06, -1.66893005e-06, -1.28746033e-05, 1.00000012, 0.258770257, 0.965939045, 1.257658e-05}},{Type = 'Wall2Tall',cf = {3.4161377, 11.6008148, -1.04241943, -0.866039991, -0.499974549, 5.5283308e-06, -5.5283308e-06, 2.06232071e-05, 0.99999994, -0.499974549, 0.866040051, -2.06232071e-05}},{Type = 'Wall2Tall',cf = {-0.35144043, 11.6004944, -1.04309082, -0.866039991, 0.499974549, 5.5283308e-06, -5.5283308e-06, -2.06232071e-05, 0.99999994, 0.499974549, 0.866040051, 2.06232071e-05}},{Type = 'Wall2Tall',cf = {-2.10803223, 11.6003876, 1.24530029, -0.258869529, 0.965912402, 5.71608543e-05, -5.71608543e-05, -7.46250153e-05, 1, 0.965912402, 0.258869469, 7.44462013e-05}},{Type = 'Wall2Tall',cf = {2.97412109, 11.6006927, -1.26019287, -0.923887491, -0.382664502, 5.70714474e-06, -5.70714474e-06, 2.86698341e-05, 1, -0.382664502, 0.923887432, -2.87294388e-05}},{Type = 'Wall2Tall',cf = {4.19677734, 11.6000977, -0.444152832, -0.707107067, -0.707106531, 6.00814819e-05, 5.2690506e-05, 3.23057175e-05, 1, -0.707106531, 0.707107067, 1.4424324e-05}},{Type = 'Wall2Tall',cf = {-8.97198486, 13.6284637, -2.13061523, -0.382689357, 0.892390847, 0.239138991, -2.92956829e-05, -0.258854628, 0.965916276, 0.92387712, 0.36963889, 0.0990869999}},{Type = 'Wall2Tall',cf = {-2.25512695, 11.6098175, 3.78955078, -0.382689357, -0.892390847, 0.239138991, -2.92956829e-05, 0.258854568, 0.965916276, -0.92387712, 0.36963889, -0.0990869999}},{Type = 'Wall2Tall',cf = {-2.20251465, 11.6011353, 1.72912598, -0.130536318, 0.991443515, -3.59416008e-05, 3.59416008e-05, 4.10079956e-05, 1, 0.991443515, 0.130536318, -4.10079956e-05}},{Type = 'Wall2Tall',cf = {20.6223145, 23.1652069, 16.8692627, -0.608783722, 0.396650195, -0.68705976, -3.38256359e-06, 0.86603713, 0.499979615, 0.793336272, 0.304381788, -0.527227998}},{Type = 'Wall2Tall',cf = {-8.31311035, 13.6281586, -3.46350098, -0.499985933, 0.836520255, 0.224161029, 4.39882278e-05, -0.258811951, 0.96592778, 0.866033673, 0.482960045, 0.129365444}},{Type = 'Wall2Tall',cf = {-9.45043945, 13.6281281, -0.722045898, -0.258817315, 0.933011532, 0.250007063, 3.51071358e-05, -0.258817315, 0.965926528, 0.965926528, 0.250007063, 0.066953361}},{Type = 'Wall2Tall',cf = {10.7404175, 23.1653137, 24.4507446, -0.923880219, 0.191345245, -0.331410795, 1.7426908e-05, 0.866040587, 0.499973744, 0.38268277, 0.46190986, -0.800121069}},{Type = 'Wall2Tall',cf = {4.52166748, 11.6003723, -0.0736083984, -0.608763218, -0.793352008, 2.56597996e-05, -2.56597996e-05, 5.19752502e-05, 1, -0.793352008, 0.608763099, -5.19752502e-05}},{Type = 'Wall2Tall',cf = {13.5632324, 23.1646576, 23.0577393, -0.866037607, 0.249986798, -0.432996809, 9.63360071e-06, 0.86603719, 0.499979615, 0.499979615, 0.432996809, -0.750023246}},{Type = 'Wall2Tall',cf = {22.3710938, 23.164917, 14.25177, -0.499990225, 0.432986617, -0.750022173, -1.70618296e-05, 0.866039872, 0.499975026, 0.866031528, 0.249995217, -0.433004141}},{Type = 'Wall2Tall',cf = {23.762146, 23.1651764, 11.4284058, -0.382736921, 0.461900353, -0.800100207, -2.44826078e-05, 0.866038024, 0.499978125, 0.923857331, 0.191379726, -0.331453443}},{Type = 'Wall2Tall',cf = {-1.60791016, 23.1658173, 26.0758057, -0.991442204, -0.0652547851, 0.113067895, 2.45496631e-05, 0.866015077, 0.500017881, -0.130547062, 0.495741576, -0.858602405}},{Type = 'Wall2Tall',cf = {-4.69470215, 23.1646957, 25.4621582, -0.965926886, -0.129427612, 0.224129096, -2.99140811e-05, 0.866036654, 0.499980479, -0.258815289, 0.482937843, -0.836531997}},{Type = 'Wall2Tall',cf = {1.53277588, 23.1653442, 26.2824707, -1.00000024, 0, 0, 0, 0.866007268, 0.500031412, 0, 0.500031412, -0.866007447}},{Type = 'Wall2Tall',cf = {18.5465698, 23.1656189, 19.2344971, -0.707122564, 0.353559852, -0.612350583, 2.71648169e-05, 0.866027296, 0.499996722, 0.707091093, 0.353542268, -0.612397075}},{Type = 'Wall2ShortThin',cf = {-9.14190674, 30.506958, -24.1015015, 0.939811826, 0.015142113, 0.341356844, -0.130550995, 0.93913734, 0.317769647, -0.315769225, -0.343208134, 0.884589136}},{Type = 'Wall2Tall',cf = {-24.3244629, 29.9829407, 12.9311523, -0.382677674, -0.239084721, 0.892410696, -1.35228038e-05, 0.965937018, 0.25877732, -0.923882186, 0.0990161747, -0.369645834}},{Type = 'Wall2Tall',cf = {16.1798706, 23.1648941, 21.3098145, -0.793330193, 0.304413676, -0.527219236, 3.8638711e-05, 0.866033852, 0.499985427, 0.608792126, 0.396632999, -0.687062621}},{Type = 'Wall2Tall',cf = {4.67346191, 23.1648865, 26.0762329, -0.991442204, 0.0652547851, -0.113067895, -2.45496631e-05, 0.866015077, 0.500017881, 0.130547062, 0.495741576, -0.858602405}},{Type = 'Wall2ShortThin',cf = {-7.69665527, 33.4549103, -25.7183228, -0.635926366, -0.692150772, 0.341358721, 0.771101296, -0.551721692, 0.317815542, -0.0316413194, 0.46532923, 0.88457197}},{Type = 'Wall2Tall',cf = {7.76025391, 23.1641617, 25.4620361, -0.965926886, 0.129437715, -0.224123269, 1.82539225e-05, 0.865992427, 0.500057161, 0.258815289, 0.483014554, -0.836487651}},{Type = 'Wall2ShortThin',cf = {-10.9406738, 33.0264893, -24.312561, -0.210196972, 0.916117072, 0.341389298, -0.891457677, -0.322966218, 0.317798793, 0.401398122, -0.237533733, 0.884566128}},{Type = 'Wall2ShortThin',cf = {-7.61175537, 31.0690002, -24.8939819, 0.564646244, -0.751435041, 0.341350228, 0.683070064, 0.657613754, 0.317741334, -0.463238567, 0.0537546575, 0.884601891}},{Type = 'Wall2ShortThin',cf = {-9.9367981, 34.1705704, -25.1109924, -0.844267011, 0.413140476, 0.341362357, -0.310000539, -0.896058917, 0.31777066, 0.437164664, 0.162460744, 0.884586692}},{Type = 'Wall2ShortThin',cf = {-10.5885925, 31.4043427, -23.8656311, 0.579705238, 0.739860713, 0.341391176, -0.811986983, 0.489591122, 0.317769796, 0.0679633319, -0.461418003, 0.884575844}},{Type = 'Wall2ShortThin',cf = {-8.32110596, 33.9885559, -25.6690063, -0.852375507, -0.396108836, 0.341400772, 0.501288056, -0.80481267, 0.317785561, 0.148885906, 0.442012608, 0.884566486}},{Type = 'Post',cf = {0.123779297, 37.9467926, -42.9235229, 0.843853593, 0.194810957, -0.499959826, 0.533840656, -0.210891962, 0.818864286, 0.054086253, -0.957900465, -0.281959891}},{Type = 'Post',cf = {1.55145264, 42.9975891, -27.879303, -0.43363595, -1.69575214e-05, 0.901088178, -0.887395859, -0.173657775, -0.427049994, 0.15648824, -0.984806061, 0.0752891302}},{Type = 'Wall2ShortThin',cf = {-7.22229004, 31.8503914, -25.3249207, 0.137658834, -0.929787219, 0.341387957, 0.914063513, 0.252007186, 0.317773819, -0.381494254, 0.268305898, 0.884575665}},{Type = 'Wall2ShortThin',cf = {-9.82409668, 30.7209015, -23.9151001, 0.862457097, 0.373649389, 0.341399938, -0.480036706, 0.817667961, 0.31777966, -0.160413593, -0.437955797, 0.88456893}},{Type = 'Wall2ShortThin',cf = {-7.29180908, 32.6153259, -25.572876, -0.228659987, -0.911710024, 0.341320097, 0.940913916, -0.117013216, 0.317787498, -0.249791101, 0.39381811, 0.884596944}},{Type = 'Wall2ShortThin',cf = {-10.6074829, 33.6299896, -24.6578979, -0.544787288, 0.765934527, 0.341396093, -0.700002849, -0.639537334, 0.317786515, 0.461739182, -0.0658521801, 0.884567916}},{Type = 'Wall2ShortThin',cf = {-10.8858643, 32.0707397, -23.9902954, 0.252370298, 0.905394077, 0.341424674, -0.937548041, 0.14149946, 0.317775846, 0.239400953, -0.400299251, 0.884560704}},{Type = 'Post',cf = {-0.502685547, 40.4542236, -27.4308167, 0.780403137, -5.87105751e-06, -0.625276685, 0.615783811, -0.1735816, 0.768556952, -0.108541012, -0.984819531, -0.135460019}},{Type = 'Wall2ShortThin',cf = {-8.12384033, 30.6186523, -24.5345459, 0.809233308, -0.478147209, 0.341345549, 0.379381895, 0.868950903, 0.317795217, -0.448565364, -0.127670199, 0.884584367}},{Type = 'Wall2Tall',cf = {-12.461731, 29.9828796, 26.4586792, -0.866036773, -0.129427612, 0.482937843, -2.99140811e-05, 0.965926826, 0.258815289, -0.499980479, 0.224129096, -0.836531997}},{Type = 'Wall2Tall',cf = {12.7972412, 17.5956268, 16.9012451, -0.793381691, 0.430445641, -0.430420697, 1.41859055e-05, 0.707099378, 0.70711422, 0.608724415, 0.561005354, -0.561005831}},{Type = 'Wall2ShortThin',cf = {-9.19543457, 34.2428131, -25.4229126, -0.938100696, 0.0586447865, 0.341361821, 0.0564661324, -0.94648242, 0.317777693, 0.341728985, 0.317382872, 0.884584308}},{Type = 'Wall2Tall',cf = {-9.17822266, 29.983078, 28.0774536, -0.923892617, -0.0990417898, 0.369612485, -6.67199492e-06, 0.965927124, 0.258814275, -0.382652134, 0.239114091, -0.892413497}},{Type = 'Post',cf = {0.817749023, 43.1623993, -27.9083862, 6.37769699e-06, -5.42402267e-06, 1, -0.984813631, -0.173615336, 5.42402267e-06, 0.173615277, -0.984813631, -6.43730164e-06}},{Type = 'Wall2Tall',cf = {-15.505188, 29.9829865, 24.4243164, -0.79333961, -0.15756321, 0.588036001, 1.92299485e-05, 0.965919554, 0.258842409, -0.60877949, 0.205361217, -0.766299248}},{Type = 'Post',cf = {2.14202881, 40.4588165, -27.4315796, -0.782587886, 2.43782997e-05, -0.622540176, 0.6130777, -0.173660636, -0.770699501, -0.108129501, -0.984805584, 0.135889769}},{Type = 'Post',cf = {2.14001465, 42.5357513, -27.797821, -0.781537056, -1.40368938e-05, 0.623858809, -0.614380002, -0.173640013, -0.769666433, 0.108337641, -0.98480916, 0.135697484}},{Type = 'Post',cf = {2.4677124, 41.1269836, -27.5493774, -0.975156546, -1.71288848e-05, -0.221517399, 0.218155026, -0.173646212, -0.960341275, -0.0384491831, -0.984808147, 0.169335842}},{Type = 'Post',cf = {2.46704102, 41.1872864, -31.5252991, -0.974762678, -2.29403377e-05, 0.223243713, -0.217518002, -0.224931002, -0.949785292, 0.0502362028, -0.974374712, 0.219249308}},{Type = 'Post',cf = {0.0866699219, 39.9933319, -27.3495178, 0.432070315, -5.15580177e-06, -0.901839972, 0.88813591, -0.173665047, 0.425505668, -0.156620294, -0.984804749, -0.0750309229}},{Type = 'Post',cf = {2.46697998, 41.8681488, -27.6800842, -0.974758625, -1.70618296e-05, 0.223263204, -0.219870552, -0.17359519, -0.959959507, 0.0387737453, -0.984817386, 0.169209182}},{Type = 'Post',cf = {-0.508239746, 42.5311432, -27.7970581, 0.783679605, -2.35438347e-05, 0.621165276, -0.611728072, -0.173680067, 0.771766841, 0.10786587, -0.984802186, -0.136124015}},{Type = 'Post',cf = {0.817749023, 41.5695801, -35.6918335, -6.80685043e-05, 5.11407852e-05, 1.00000024, -0.961281478, -0.275569439, -5.11407852e-05, 0.275569201, -0.961281478, 6.75916672e-05}},{Type = 'Post',cf = {-0.832824707, 41.8624725, -27.6791382, 0.975536823, 4.73111868e-06, 0.219836086, -0.216493607, -0.173696399, 0.960708439, 0.03818921, -0.984799564, -0.169446111}},{Type = 'Post',cf = {1.55432129, 39.9958801, -27.3499756, -0.43519938, 2.9861927e-05, -0.90033412, 0.886653662, -0.173648834, -0.428592294, -0.156354785, -0.984807611, 0.0755453706}},{Type = 'Post',cf = {2.14001465, 41.8478088, -31.6777649, -0.781521082, -2.05636024e-05, 0.623878837, -0.607892156, -0.224903345, -0.761502206, 0.140328079, -0.97438103, 0.175754189}},{Type = 'Post',cf = {-0.830871582, 41.1212921, -27.5484314, 0.974371791, 1.70990825e-05, -0.224943519, 0.221528828, -0.173653007, 0.959567487, -0.039045684, -0.984806955, -0.169206381}},{Type = 'Post',cf = {0.820739746, 39.8297424, -27.3206787, -0.00172746181, -1.5348196e-05, -0.99999845, 0.98481214, -0.173614383, -0.00169861317, -0.173614144, -0.984813631, 0.000315070152}},{Type = 'Post',cf = {0.817749023, 42.4679108, -31.8209229, 1.8954277e-05, -1.50501728e-05, 1, -0.974382043, -0.224899054, 1.50501728e-05, 0.224899143, -0.974382043, -1.8954277e-05}},{Type = 'Post',cf = {0.0787353516, 42.9950562, -27.8788757, 0.436760426, 4.33623791e-05, 0.899577975, -0.885909557, -0.173639059, 0.430132717, 0.156220347, -0.984809518, -0.0758004189}},{Type = 'Post',cf = {0.820739746, 39.1705933, -31.0596924, -0.0017529726, 9.4473362e-06, -0.999998569, 0.974380732, -0.224898458, -0.00171017647, -0.22489813, -0.974382281, 0.000385046005}},{Type = 'Post',cf = {2.43981934, 40.2897034, -35.3274841, -0.990751505, -0.0519251972, 0.125360966, -0.105915293, -0.281542897, -0.953685224, 0.0848147795, -0.958142698, 0.273439348}},{Type = 'Post',cf = {1.55145264, 42.3048248, -31.7832947, -0.433653951, 1.37686729e-05, 0.901079535, -0.877977669, -0.224992394, -0.422532469, 0.202730209, -0.974360585, 0.0975809097}},{Type = 'Post',cf = {0.817749023, 40.4699249, -39.5103149, 4.07099724e-05, -2.9027462e-05, 1, -0.945535362, -0.325519443, 2.9027462e-05, 0.325519443, -0.945535362, -4.0769577e-05}},{Type = 'Post',cf = {2.14190674, 39.7929077, -31.2033691, -0.7826159, 1.82986259e-05, -0.622505188, 0.60655117, -0.224923253, -0.762565076, -0.140029758, -0.974376619, 0.176017165}},{Type = 'Post',cf = {-0.502746582, 39.7884369, -31.2023621, 0.780423582, 1.32322311e-05, -0.625251174, 0.609223664, -0.224983573, 0.760413647, -0.140661165, -0.974362612, -0.175590515}},{Type = 'Post',cf = {1.55413818, 39.3349304, -31.0976257, -0.435216665, 4.42862511e-05, -0.900325775, 0.877239347, -0.224983931, -0.424067706, -0.202577561, -0.974362493, 0.0978778601}},{Type = 'Post',cf = {0.0866088867, 39.3324432, -31.0970459, 0.432088852, 1.22785568e-05, -0.90183115, 0.878727317, -0.224908948, 0.421016395, -0.202824444, -0.974380076, -0.0971915722}},{Type = 'Post',cf = {0.0786132812, 42.3022003, -31.7826843, 0.436791837, -3.33786011e-06, 0.899562597, -0.876514256, -0.224917054, 0.425599664, 0.202325583, -0.974377871, -0.0982449055}},{Type = 'Post',cf = {2.46777344, 40.4539337, -31.355957, -0.975148916, -3.08156013e-05, -0.221550539, 0.215878084, -0.224968433, -0.95015043, -0.0498126, -0.974