return {{Type = 'Wall2Thin',cf = {-96.1002502, 9.10015869, -94.5, 0, -1, 0, 1, 0, -0, 0, 0, 1}},{Type = 'Wall2Tall',cf = {-97.9998779, 0.200378418, -93.5000916, 1, 0, 0, 0, 1, 0, 0, 0, 1}},{Type = 'Wall2Tall',cf = {-97.9998779, 0.200378418, -94.5000916, 1, 0, 0, 0, 1, 0, 0, 0, 1}},{Type = 'Wall2Tall',cf = {-97.9998779, 10.6000671, -99.8996277, 1, 0, 0, 0, 0, -1, 0, 1, 0}},{Type = 'Wall2Thin',cf = {-96.4999695, 11.1002502, -91.8997498, 0, 0, 1, 1, 0, 0, 0, 1, 0}},{Type = 'Wall2Thin',cf = {-97.4999695, 11.1002502, -91.8997498, 0, 0, 1, 1, 0, 0, 0, 1, 0}},{Type = 'Wall2Thin',cf = {-99.4999695, 11.1002808, -91.8997498, 0, 0, 1, 1, 0, 0, 0, 1, 0}},{Type = 'Wall2Thin',cf = {-96.1002502, 9.10015869, -93.5, 0, -1, 0, 1, 0, -0, 0, 0, 1}},{Type = 'Wall2Thin',cf = {-98.4999695, 11.1002502, -91.8997498, 0, 0, 1, 1, 0, 0, 0, 1, 0}},{Type = 'Wall2Tall',cf = {-97.9998474, 11.6000061, -99.8996277, 1, 0, 0, 0, 0, -1, 0, 1, 0}},{Type = 'Wall2Tall',cf = {-97.9999695, 6.6000061, -76.1003418, 1, 0, -0, 0, 0, 1, 0, -1, 0}},{Type = 'Wall2Tall',cf = {-97.9999695, 5.6000061, -76.1003418, 1, 0, -0, 0, 0, 1, 0, -1, 0}},{Type = 'Wall2Tall',cf = {-97.9999695, 11.6000061, -76.1003418, 1, 0, -0, 0, 0, 1, 0, -1, 0}},{Type = 'Wall2Thin',cf = {-99.4999695, 8.2003479, -85.000061, 0, 0, 1, 0, 1, -0, -1, 0, 0}},{Type = 'Wall2Thin',cf = {-96.4999695, 8.2003479, -85.000061, 0, 0, 1, 0, 1, -0, -1, 0, 0}},{Type = 'Wall2Thin',cf = {-98.4999695, 8.2003479, -85.000061, 0, 0, 1, 0, 1, -0, -1, 0, 0}},{Type = 'Wall2Thin',cf = {-97.4999695, 8.2003479, -85.000061, 0, 0, 1, 0, 1, -0, -1, 0, 0}},{Type = 'Wall2Thin',cf = {-99.8999023, 10.6001892, -75.000061, 0, 1, 0, 0, 0, -1, -1, 0, 0}},{Type = 'Wall2Tall',cf = {-97.9999695, 1.6000061, -76.1003418, 1, 0, -0, 0, 0, 1, 0, -1, 0}},{Type = 'Wall2Thin',cf = {-99.8999023, 1.60018921, -75.000061, 0, 1, 0, 0, 0, -1, -1, 0, 0}},{Type = 'Wall2Tall',cf = {-97.9999695, 0.600006104, -76.1003418, 1, 0, -0, 0, 0, 1, 0, -1, 0}},{Type = 'Wall2Tall',cf = {-97.9999695, 7.99966431, -85.5, 1, 0, 0, 0, -1, 0, 0, 0, -1}},{Type = 'Wall2Tall',cf = {-97.9999695, 7.99966431, -84.5, 1, 0, 0, 0, -1, 0, 0, 0, -1}},{Type = 'Wall2Tall',cf = {-97.9999695, 10.6000061, -76.1003418, 1, 0, -0, 0, 0, 1, 0, -1, 0}},{Type = 'Wall2Thin',cf = {-99.8999023, 11.6001892, -75.000061, 0, 1, 0, 0, 0, -1, -1, 0, 0}},{Type = 'Wall2Tall',cf = {-97.9998779, 0.2003479, -70.5000305, 1, 0, 0, 0, 1, 0, 0, 0, 1}},{Type = 'Wall2Thin',cf = {-99.8999023, 0.600189209, -75.000061, 0, 1, 0, 0, 0, -1, -1, 0, 0}},{Type = 'Wall2Tall',cf = {-97.9998779, 6.09994507, -62.1003113, 1, 0, -0, 0, 0, 1, 0, -1, 0}},{Type = 'Wall2Tall',cf = {-97.9998779, 7.09994507, -62.1003113, 1, 0, -0, 0, 0, 1, 0, -1, 0}},{Type = 'Wall2Thin',cf = {-99.4999695, 8.18051147, -71.000061, 0, 0, 1, 0, 1, -0, -1, 0, 0}},{Type = 'Wall2Tall',cf = {-97.9998779, 0.2003479, -60.5000305, 1, 0, 0, 0, 1, 0, 0, 0, 1}},{Type = 'Wall2Thin',cf = {-96.4999695, 8.18051147, -61.000061, 0, 0, 1, 0, 1, -0, -1, 0, 0}},{Type = 'Wall2Tall',cf = {-97.9998779, 0.2003479, -61.5000305, 1, 0, 0, 0, 1, 0, 0, 0, 1}},{Type = 'Wall2Tall',cf = {-97.9998779, 0.2003479, -71.5000305, 1, 0, 0, 0, 1, 0, 0, 0, 1}},{Type = 'Wall2Thin',cf = {-98.4999695, 8.18051147, -71.000061, 0, 0, 1, 0, 1, -0, -1, 0, 0}},{Type = 'Wall3Thin',cf = {-99.8998413, 6.30461311, -44.8999939, 1.80006027e-05, 1, 1.16825104e-05, 0.40671289, -1.8119812e-05, 0.913556039, 0.913556039, -1.16825104e-05, -0.406713009}},{Type = 'Wall2Thin',cf = {-97.4999695, 8.18051147, -71.000061, 0, 0, 1, 0, 1, -0, -1, 0, 0}},{Type = 'Wall2Thin',cf = {-96.4999695, 8.18051147, -71.000061, 0, 0, 1, 0, 1, -0, -1, 0, 0}},{Type = 'Wall2Thin',cf = {-97.4999695, 8.18051147, -61.000061, 0, 0, 1, 0, 1, -0, -1, 0, 0}},{Type = 'Wall2Thin',cf = {-98.4999695, 8.18051147, -61.000061, 0, 0, 1, 0, 1, -0, -1, 0, 0}},{Type = 'Wall2Thin',cf = {-99.4999695, 8.18051147, -61.000061, 0, 0, 1, 0, 1, -0, -1, 0, 0}},{Type = 'Wall3Thin',cf = {-99.8998413, 6.20464134, -44.7999878, 1.43051147e-05, 1, 5.78165054e-06, 0.719356298, -1.43051147e-05, 0.694641352, 0.694641352, -5.78165054e-06, -0.719356298}},{Type = 'Wall3Thin',cf = {-99.8998413, 6.10468864, -44.0999756, 0, 1, 0, 1, 0, 0, 0, 0, -1}},{Type = 'Wall2Thin',cf = {-96.1002197, 4.10465813, -35.000061, 0, -1, 0, 0, 0, 1, -1, 0, 0}},{Type = 'Wall3Thin',cf = {-99.8998413, 6.1046772, -44.4999695, 2.38418579e-07, 1.00000024, 8.94069672e-08, 0.927185118, -5.96046448e-07, 0.374603927, 0.374603927, -8.94069672e-08, -0.927185297}},{Type = 'Post',cf = {-99.900116, 6.60456657, -44.5000916, 0, 1, 0, 0, 0, -1, -1, 0, 0}},{Type = 'Wall3Thin',cf = {-99.8998413, 6.10468864, -44.499939, 0, 1, 0, 1, 0, 0, 0, 0, -1}},{Type = 'Wall3Thin',cf = {-99.8998413, 6.20465279, -44.7999878, 2.38418579e-07, 1.00000024, 8.94069672e-08, 0.927185118, -5.96046448e-07, 0.374603927, 0.374603927, -8.94069672e-08, -0.927185297}},{Type = 'Wall3Thin',cf = {-99.8998413, 6.30461693, -44.8999939, 1.43051147e-05, 1, 5.78165054e-06, 0.719356298, -1.43051147e-05, 0.694641352, 0.694641352, -5.78165054e-06, -0.719356298}},{Type = 'Wall3Thin',cf = {-99.8998413, 6.50468636, -45, 1.80006027e-05, 1, 1.16825104e-05, 0.40671289, -1.8119812e-05, 0.913556039, 0.913556039, -1.16825104e-05, -0.406713009}},{Type = 'Wall2Tall',cf = {-97.9998779, 6.60438347, -43.8996277, 1, 0, 0, 0, 0, -1, 0, 1, 0}},{Type = 'Wall3Thin',cf = {-99.8998413, 6.50468254, -45, -4.80413437e-05, 1, -4.63724136e-05, 0.034829706, 4.80413437e-05, 0.999393284, 0.999393284, 4.63724136e-05, -0.0348296165}},{Type = 'Wall2Tall',cf = {-97.9998779, 11.6043835, -43.8996277, 1, 0, 0, 0, 0, -1, 0, 1, 0}},{Type = 'Wall3Thin',cf = {-99.8998413, 6.80467033, -45, -4.80413437e-05, 1, -4.63724136e-05, 0.034829706, 4.80413437e-05, 0.999393284, 0.999393284, 4.63724136e-05, -0.0348296165}},{Type = 'Post',cf = {-99.900116, 1.60456848, -44.5000916, 0, 1, 0, 0, 0, -1, -1, 0, 0}},{Type = 'Wall2Tall',cf = {-97.9998779, 10.6043835, -43.8996277, 1, 0, 0, 0, 0, -1, 0, 1, 0}},{Type = 'Wall3Thin',cf = {-99.8998413, 1.20465469, -44.7999878, 2.38418579e-07, 1.00000024, 8.94069672e-08, 0.927185118, -5.96046448e-07, 0.374603927, 0.374603927, -8.94069672e-08, -0.927185297}},{Type = 'Wall2Tall',cf = {-97.9998779, 5.60438347, -43.8996277, 1, 0, 0, 0, 0, -1, 0, 1, 0}},{Type = 'Wall2Tall',cf = {-97.9998779, 1.60438538, -43.8996277, 1, 0, 0, 0, 0, -1, 0, 1, 0}},{Type = 'Wall2Tall',cf = {-97.9998779, 0.604385376, -43.8996277, 1, 0, 0, 0, 0, -1, 0, 1, 0}},{Type = 'Wall3Thin',cf = {-99.8998413, 1.10469055, -44.0999756, 0, 1, 0, 1, 0, 0, 0, 0, -1}},{Type = 'Wall3Thin',cf = {-99.8998413, 1.50468445, -45, -4.80413437e-05, 1, -4.63724136e-05, 0.034829706, 4.80413437e-05, 0.999393284, 0.999393284, 4.63724136e-05, -0.0348296165}},{Type = 'Wall3Thin',cf = {-99.8998413, 1.10469055, -44.499939, 0, 1, 0, 1, 0, 0, 0, 0, -1}},{Type = 'Wall3Thin',cf = {-99.8998413, 1.10467911, -44.4999695, 2.38418579e-07, 1.00000024, 8.94069672e-08, 0.927185118, -5.96046448e-07, 0.374603927, 0.374603927, -8.94069672e-08, -0.927185297}},{Type = 'Wall3Thin',cf = {-99.8998413, 1.20464325, -44.7999878, 1.43051147e-05, 1, 5.78165054e-06, 0.719356298, -1.43051147e-05, 0.694641352, 0.694641352, -5.78165054e-06, -0.719356298}},{Type = 'Wall3Thin',cf = {-99.8998413, 1.50468826, -45, 1.80006027e-05, 1, 1.16825104e-05, 0.40671289, -1.8119812e-05, 0.913556039, 0.913556039, -1.16825104e-05, -0.406713009}},{Type = 'Wall3Thin',cf = {-99.8998413, 1.30461884, -44.8999939, 1.43051147e-05, 1, 5.78165054e-06, 0.719356298, -1.43051147e-05, 0.694641352, 0.694641352, -5.78165054e-06, -0.719356298}},{Type = 'Wall3Thin',cf = {-99.8998413, 1.30461502, -44.8999939, 1.80006027e-05, 1, 1.16825104e-05, 0.40671289, -1.8119812e-05, 0.913556039, 0.913556039, -1.16825104e-05, -0.406713009}},{Type = 'Wall3Thin',cf = {-99.8998413, 6.10468864, -35.5, 0, 1, -0, -1, 0, 0, 0, 0, 1}},{Type = 'Wall3Thin',cf = {-99.8998413, 1.80467224, -45, -4.80413437e-05, 1, -4.63724136e-05, 0.034829706, 4.80413437e-05, 0.999393284, 0.999393284, 4.63724136e-05, -0.0348296165}},{Type = 'Wall3Thin',cf = {-99.8998413, 1.90458679, -44.9999695, 0, 1, 0, 0, 0, 1, 1, 0, 0}},{Type = 'Post',cf = {-99.900116, 2.00456238, -44.5000916, 0, 1, 0, 0, 0, -1, -1, 0, 0}},{Type = 'Wall3Thin',cf = {-99.8998413, 2.30458069, -44.9999695, 0, 1, 0, 0, 0, 1, 1, 0, 0}},{Type = 'Wall3Thin',cf = {-99.8998413, 5.90463829, -35.0999756, -1.43051147e-05, 1.00000024, -5.75184822e-06, -0.719356358, -1.43051147e-05, -0.694641471, -0.694641471, -5.75184822e-06, 0.719356179}},{Type = 'Wall3Thin',cf = {-99.8998413, 6.10468864, -35.7999878, 0, 1, -0, -1, 0, 0, 0, 0, 1}},{Type = 'Wall3Thin',cf = {-99.8998718, 9.80473137, -45, 0, 1, 0, 0, 0, 1, 1, 0, 0}},{Type = 'Wall3Thin',cf = {-99.8998413, 6.10470009, -35.4999695, -3.57627869e-07, 1, -7.4505806e-08, -0.927184939, -3.57627869e-07, -0.374603868, -0.374603868, -7.4505806e-08, 0.927184939}},{Type = 'Post',cf = {-96.1000366, 5.10462761, -35.5000916, 0, -1, 0, 0, 0, 1, -1, 0, 0}},{Type = 'Wall3Thin',cf = {-99.8998413, 6.00467491, -35.1999817, -1.43051147e-05, 1.00000024, -5.75184822e-06, -0.719356358, -1.43051147e-05, -0.694641471, -0.694641471, -5.75184822e-06, 0.719356179}},{Type = 'Wall3Thin',cf = {-99.8998413, 6.00466347, -35.1999817, -3.57627869e-07, 1, -7.4505806e-08, -0.927184939, -3.57627869e-07, -0.374603868, -0.374603868, -7.4505806e-08, 0.927184939}},{Type = 'Wall3Thin',cf = {-99.8998413, 5.70469093, -34.9999695, -1.8119812e-05, 1, -1.16825104e-05, -0.40671289, -1.8119812e-05, -0.913556039, -0.913556039, -1.16825104e-05, 0.40671289}},{Type = 'Post',cf = {-99.9001465, 1.60438538, -35.6000977, 0, 1, 0, 0, 0, -1, -1, 0, 0}},{Type = 'Wall3Thin',cf = {-99.8998413, 5.70469475, -34.9999695, 4.80413437e-05, 1, 4.63724136e-05, -0.034829706, 4.80413437e-05, -0.999393284, -0.999393284, 4.63724136e-05, 0.0348296762}},{Type = 'Wall3Thin',cf = {-99.8998413, 5.20469475, -34.9999695, 0, 1, 0, 0, 0, -1, -1, 0, 0}},{Type = 'Wall3Thin',cf = {-99.8998413, 4.80467033, -34.9999695, 0, 1, 0, 0, 0, -1, -1, 0, 0}},{Type = 'Wall3Thin',cf = {-99.8998413, 5.50462151, -34.9999695, 4.80413437e-05, 1, 4.63724136e-05, -0.034829706, 4.80413437e-05, -0.999393284, -0.999393284, 4.63724136e-05, 0.0348296762}},{Type = 'Wall3Thin',cf = {-99.8998413, 1.10450745, -35.8999634, 0, 1, 0, 1, 0, 0, 0, 0, -1}},{Type = 'Post',cf = {-96.1000366, 6.00465202, -35.5000916, 0, -1, 0, 0, 0, 1, -1, 0, 0}},{Type = 'Post',cf = {-99.9001465, 2.00437927, -35.5000916, 0, 1, 0, 0, 0, -1, -1, 0, 0}},{Type = 'Wall3Thin',cf = {-99.8998413, 1.10451889, -35.5, 2.38418579e-07, 1.00000024, -8.94069672e-08, 0.927185118, -5.96046448e-07, -0.374603927, -0.374603927, 8.94069672e-08, -0.927185297}},{Type = 'Wall3Thin',cf = {-99.8998413, 1.10450745, -35.5, 0, 1, 0, 1, 0, 0, 0, 0, -1}},{Type = 'Wall3Thin',cf = {-99.8998413, 1.20449448, -35.1999817, 2.38418579e-07, 1.00000024, -8.94069672e-08, 0.927185118, -5.96046448e-07, -0.374603927, -0.374603927, 8.94069672e-08, -0.927185297}},{Type = 'Wall3Thin',cf = {-99.8998413, 1.30448151, -35.0999756, 1.43051147e-05, 1, -5.78165054e-06, 0.719356298, -1.43051147e-05, -0.694641352, -0.694641352, 5.78165054e-06, -0.719356298}},{Type = 'Wall3Thin',cf = {-99.8998413, 1.20450592, -35.1999817, 1.43051147e-05, 1, -5.78165054e-06, 0.719356298, -1.43051147e-05, -0.694641352, -0.694641352, 5.78165054e-06, -0.719356298}},{Type = 'Wall3Thin',cf = {-99.8998413, 1.30448532, -35.0999756, 1.80006027e-05, 1, -1.16825104e-05, 0.40671289, -1.8119812e-05, -0.913556039, -0.913556039, 1.16825104e-05, -0.406713009}},{Type = 'Wall3Thin',cf = {-99.8998413, 1.50456238, -34.9999695, -4.80413437e-05, 1, 4.63724136e-05, 0.034829706, 4.80413437e-05, -0.999393284, -0.999393284, -4.63724136e-05, -0.0348296165}},{Type = 'Wall3Thin',cf = {-99.8998413, 1.50455856, -34.9999695, 1.80006027e-05, 1, -1.16825104e-05, 0.40671289, -1.8119812e-05, -0.913556039, -0.913556039, 1.16825104e-05, -0.406713009}},{Type = 'Wall3Thin',cf = {-99.8998413, 1.80455017, -34.9999695, -4.80413437e-05, 1, 4.63724136e-05, 0.034829706, 4.80413437e-05, -0.999393284, -0.999393284, -4.63724136e-05, -0.0348296165}},{Type = 'Wall3Thin',cf = {-99.8998413, 2.50447083, -35, 0, 1, 0, 0, 0, -1, -1, 0, 0}},{Type = 'Wall3Thin',cf = {-99.8998413, 5.90464211, -35.0999756, -1.8119812e-05, 1, -1.16825104e-05, -0.40671289, -1.8119812e-05, -0.913556039, -0.913556039, -1.16825104e-05, 0.40671289}},{Type = 'Wall3Thin',cf = {-99.8998413, 2.10447693, -35, 0, 1, 0, 0, 0, -1, -1, 0, 0}},{Type = 'Post',cf = {-99.9001465, 1.10438538, -35.5000916, 0, 1, 0, 0, 0, -1, -1, 0, 0}},{Type = 'Post',cf = {-99.9001465, 3.00437927, -35.5000916, 0, 1, 0, 0, 0, -1, -1, 0, 0}},{Type = 'Wall3Thin',cf = {-99.8998718, 11.1046886, -44.1999512, 0, 1, -0, -1, 0, 0, 0, 0, 1}},{Type = 'Wall3Thin',cf = {-99.8998718, 11.0047169, -44.7999878, -1.43051147e-05, 1.00000024, 5.75184822e-06, -0.719356358, -1.43051147e-05, 0.694641471, 0.694641471, 5.75184822e-06, 0.719356179}},{Type = 'Wall3Thin',cf = {-99.8998718, 11.104723, -44.499939, -3.57627869e-07, 1, 7.4505806e-08, -0.927184939, -3.57627869e-07, 0.374603868, 0.374603868, 7.4505806e-08, 0.927184939}},{Type = 'Wall3Thin',cf = {-99.8998718, 11.0046864, -44.7999268, -3.57627869e-07, 1, 7.4505806e-08, -0.927184939, -3.57627869e-07, 0.374603868, 0.374603868, 7.4505806e-08, 0.927184939}},{Type = 'Wall3Thin',cf = {-99.8998718, 10.7047482, -45, -1.8119812e-05, 1, 1.16825104e-05, -0.40671289, -1.8119812e-05, 0.913556039, 0.913556039, 1.16825104e-05, 0.40671289}},{Type = 'Wall3Thin',cf = {-99.8998718, 10.404707, -45.0000305, 4.80413437e-05, 1, -4.63724136e-05, -0.034829706, 4.80413437e-05, 0.999393284, 0.999393284, -4.63724136e-05, 0.0348296762}},{Type = 'Post',cf = {-96.1000671, 11.1045666, -44.5000916, 0, -1, 0, 0, 0, 1, -1, 0, 0}},{Type = 'Wall3Thin',cf = {-99.8998718, 10.1047192, -45, 0, 1, 0, 0, 0, 1, 1, 0, 0}},{Type = 'Wall3Thin',cf = {-99.8998718, 10.9047604, -44.8999939, -1.8119812e-05, 1, 1.16825104e-05, -0.40671289, -1.8119812e-05, 0.913556039, 0.913556039, 1.16825104e-05, 0.40671289}},{Type = 'Wall3Thin',cf = {-99.8998718, 10.7047558, -45.0000305, 4.80413437e-05, 1, -4.63724136e-05, -0.034829706, 4.80413437e-05, 0.999393284, 0.999393284, -4.63724136e-05, 0.0348296762}},{Type = 'Wall3Thin',cf = {-99.8998718, 10.9046803, -44.8999939, -1.43051147e-05, 1.00000024, 5.75184822e-06, -0.719356358, -1.43051147e-05, 0.694641471, 0.694641471, 5.75184822e-06, 0.719356179}},{Type = 'Wall3Thin',cf = {-99.8998718, 11.1046886, -44.499939, 0, 1, -0, -1, 0, 0, 0, 0, 1}},{Type = 'Post',cf = {-96.1000671, 10.1045666, -44.5000916, 0, -1, 0, 0, 0, 1, -1, 0, 0}},{Type = 'Wall2Tall',cf = {-97.9999695, 1.6000061, -27.8995972, 1, 0, 0, 0, 0, -1, 0, 1, 0}},{Type = 'Wall3Thin',cf = {-99.8998413, 11.1046886, -35.7999878, 0, 1, -0, -1, 0, 0, 0, 0, 1}},{Type = 'Post',cf = {-96.1000366, 10.1046276, -35.5000916, 0, -1, 0, 0, 0, 1, -1, 0, 0}},{Type = 'Wall3Thin',cf = {-99.8998413, 11.1047001, -35.4999695, -3.57627869e-07, 1, -7.4505806e-08, -0.927184939, -3.57627869e-07, -0.374603868, -0.374603868, -7.4505806e-08, 0.927184939}},{Type = 'Wall2Thin',cf = {-97.4999695, 8.19946861, -31, 0, 0, -1, 0, 1, 0, 1, 0, 0}},{Type = 'Wall3Thin',cf = {-99.8998413, 11.1046886, -35.5, 0, 1, -0, -1, 0, 0, 0, 0, 1}},{Type = 'Wall3Thin',cf = {-99.8998413, 11.0046635, -35.1999817, -3.57627869e-07, 1, -7.4505806e-08, -0.927184939, -3.57627869e-07, -0.374603868, -0.374603868, -7.4505806e-08, 0.927184939}},{Type = 'Wall3Thin',cf = {-99.8998413, 10.9046383, -35.0999756, -1.43051147e-05, 1.00000024, -5.75184822e-06, -0.719356358, -1.43051147e-05, -0.694641471, -0.694641471, -5.75184822e-06, 0.719356179}},{Type = 'Wall3Thin',cf = {-99.8998413, 11.0046749, -35.1999817, -1.43051147e-05, 1.00000024, -5.75184822e-06, -0.719356358, -1.43051147e-05, -0.694641471, -0.694641471, -5.75184822e-06, 0.719356179}},{Type = 'Wall3Thin',cf = {-99.8998413, 10.9046421, -35.0999756, -1.8119812e-05, 1, -1.16825104e-05, -0.40671289, -1.8119812e-05, -0.913556039, -0.913556039, -1.16825104e-05, 0.40671289}},{Type = 'Wall3Thin',cf = {-99.8998413, 10.7046947, -34.9999695, 4.80413437e-05, 1, 4.63724136e-05, -0.034829706, 4.80413437e-05, -0.999393284, -0.999393284, 4.63724136e-05, 0.0348296762}},{Type = 'Wall3Thin',cf = {-99.8998413, 10.7046909, -34.9999695, -1.8119812e-05, 1, -1.16825104e-05, -0.40671289, -1.8119812e-05, -0.913556039, -0.913556039, -1.16825104e-05, 0.40671289}},{Type = 'Wall3Thin',cf = {-99.8998413, 9.80467033, -34.9999695, 0, 1, 0, 0, 0, -1, -1, 0, 0}},{Type = 'Wall3Thin',cf = {-99.8998413, 10.5046215, -34.9999695, 4.80413437e-05, 1, 4.63724136e-05, -0.034829706, 4.80413437e-05, -0.999393284, -0.999393284, 4.63724136e-05, 0.0348296762}},{Type = 'Wall3Thin',cf = {-99.8998413, 10.2046947, -34.9999695, 0, 1, 0, 0, 0, -1, -1, 0, 0}},{Type = 'Post',cf = {-96.1000366, 11.004652, -35.5000916, 0, -1, 0, 0, 0, 1, -1, 0, 0}},{Type = 'Wall2Thin',cf = {-96.1002197, 8.10465813, -45.000061, 0, -1, 0, 0, 0, 1, -1, 0, 0}},{Type = 'Wall2Thin',cf = {-96.1002197, 9.10465813, -45.000061, 0, -1, 0, 0, 0, 1, -1, 0, 0}},{Type = 'Wall2Thin',cf = {-96.1002197, 7.10465813, -45.000061, 0, -1, 0, 0, 0, 1, -1, 0, 0}},{Type = 'Wall2Thin',cf = {-96.1002197, 3.10466003, -35.000061, 0, -1, 0, 0, 0, 1, -1, 0, 0}},{Type = 'Wall2Tall',cf = {-98, 0.199733734, -30.499939, -1, 0, 0, 0, 1, 0, 0, 0, -1}},{Type = 'Wall2Thin',cf = {-99.5000305, 8.2001133, -31, 0, 0, 1, 0, 1, -0, -1, 0, 0}},{Type = 'Wall2Tall',cf = {-98, 0.199466705, -31.499939, -1, 0, 0, 0, 1, 0, 0, 0, -1}},{Type = 'Wall2Thin',cf = {-96.4999695, 8.19946861, -31, 0, 0, -1, 0, 1, 0, 1, 0, 0}},{Type = 'Wall2Thin',cf = {-98.4999695, 8.19946861, -31, 0, 0, -1, 0, 1, 0, 1, 0, 0}},{Type = 'Wall2Tall',cf = {-97.9999695, 2.20037842, -26.5, 1, 0, 0, 0, 1, 0, 0, 0, 1}},{Type = 'Wall2Thin',cf = {-96.1002502, 11.1001587, -26.5, 0, -1, 0, 1, 0, -0, 0, 0, 1}},{Type = 'Wall2Tall',cf = {-97.9999695, 2.20037842, -27.5, 1, 0, 0, 0, 1, 0, 0, 0, 1}},{Type = 'Wall2Tall',cf = {-97.9999695, 0.600006104, -27.8995972, 1, 0, 0, 0, 0, -1, 0, 1, 0}},{Type = 'Wall2Thin',cf = {-99.4999695, 1.10015869, -19.8997192, 0, 0, 1, 1, 0, 0, 0, 1, 0}},{Type = 'Wall2Thin',cf = {-97.4999695, 1.10015869, -19.8997192, 0, 0, 1, 1, 0, 0, 0, 1, 0}},{Type = 'Wall2Thin',cf = {-96.4999695, 1.10015869, -19.8997192, 0, 0, 1, 1, 0, 0, 0, 1, 0}},{Type = 'Wall2Thin',cf = {-98.4999695, 1.10015869, -19.8997192, 0, 0, 1, 1, 0, 0, 0, 1, 0}},{Type = 'Wall2Tall',cf = {-97.9999695, 5.6000061, -4.1003418, 1, 0, -0, 0, 0, 1, 0, -1, 0}},{Type = 'Wall2Thin',cf = {-96.1002502, 11.1001587, -27.5, 0, -1, 0, 1, 0, -0, 0, 0, 1}},{Type = 'Wall2Thin',cf = {-96.4999084, 8.20039749, 12.0004272, 0, 0, 1, 0, 1, -0, -1, 0, 0}},{Type = 'Wall2Tall',cf = {-97.9999695, 6.6000061, -4.1003418, 1, 0, -0, 0, 0, 1, 0, -1, 0}},{Type = 'Wall2Tall',cf = {-97.9999695, 11.6000061, -4.1003418, 1, 0, -0, 0, 0, 1, 0, -1, 0}},{Type = 'Wall2Thin',cf = {-99.4999695, 8.2003479, -13.000061, 0, 0, 1, 0, 1, -0, -1, 0, 0}},{Type = 'Wall2Thin',cf = {-98.4999695, 8.2003479, -13.000061, 0, 0, 1, 0, 1, -0, -1, 0, 0}},{Type = 'Wall2Thin',cf = {-97.4999695, 8.2003479, -13.000061, 0, 0, 1, 0, 1, -0, -1, 0, 0}},{Type = 'Wall2Thin',cf = {-96.4999695, 8.2003479, -13.000061, 0, 0, 1, 0, 1, -0, -1, 0, 0}},{Type = 'Wall2Tall',cf = {-97.9999695, 1.6000061, -4.1003418, 1, 0, -0, 0, 0, 1, 0, -1, 0}},{Type = 'Wall2Thin',cf = {-99.8999023, 1.60018921, -3.00006104, 0, 1, 0, 0, 0, -1, -1, 0, 0}},{Type = 'Wall2Tall',cf = {-97.9999695, 0.600006104, -4.1003418, 1, 0, -0, 0, 0, 1, 0, -1, 0}},{Type = 'Wall2Thin',cf = {-99.8999023, 0.600189209, -3.00006104, 0, 1, 0, 0, 0, -1, -1, 0, 0}},{Type = 'Wall2Tall',cf = {-97.9999695, 7.99966431, -13.5, 1, 0, 0, 0, -1, 0, 0, 0, -1}},{Type = 'Wall2Tall',cf = {-97.9999695, 7.99966431, -12.5, 1, 0, 0, 0, -1, 0, 0, 0, -1}},{Type = 'Wall2Tall',cf = {-97.9999695, 10.6000061, -4.1003418, 1, 0, -0, 0, 0, 1, 0, -1, 0}},{Type = 'Wall2Thin',cf = {-99.8999023, 11.6001892, -3.00006104, 0, 1, 0, 0, 0, -1, -1, 0, 0}},{Type = 'Wall2Thin',cf = {-99.8999023, 10.6001892, -3.00006104, 0, 1, 0, 0, 0, -1, -1, 0, 0}},{Type = 'Wall2Thin',cf = {-98.4999084, 8.20039749, 12.0004272, 0, 0, 1, 0, 1, -0, -1, 0, 0}},{Type = 'Post',cf = {-99.9000244, 7.60027695, 5.50042725, 0, 1, -0, -1, 0, 0, 0, 0, 1}},{Type = 'Wall2Thin',cf = {-97.4999084, 8.20039749, 12.0004272, 0, 0, 1, 0, 1, -0, -1, 0, 0}},{Type = 'Wedge8',cf = {-98.000061, 4.09990311, 7.90020752, 0, 0, -1, 1, 0, 0, 0, -1, 0}},{Type = 'Wall2Thin',cf = {-99.4999084, 8.20039749, 1.00042725, 0, 0, 1, 0, 1, -0, -1, 0, 0}},{Type = 'Wall2Tall',cf = {-97.9999084, 0.200408936, 12.5004883, 1, 0, 0, 0, 1, 0, 0, 0, 1}},{Type = 'Wall2Thin',cf = {-98.4999084, 8.20039749, 1.00042725, 0, 0, 1, 0, 1, -0, -1, 0, 0}},{Type = 'Wall2Thin',cf = {-96.4999084, 8.20039749, 1.00042725, 0, 0, 1, 0, 1, -0, -1, 0, 0}},{Type = 'Wall2Thin',cf = {-97.4999084, 8.20039749, 1.00042725, 0, 0, 1, 0, 1, -0, -1, 0, 0}},{Type = 'Wall2Tall',cf = {-97.9999084, 0.200408936, 0.500488281, 1, 0, 0, 0, 1, 0, 0, 0, 1}},{Type = 'Wall2Tall',cf = {-97.9999084, 0.200408936, 11.5004883, 1, 0, 0, 0, 1, 0, 0, 0, 1}},{Type = 'Wall2Tall',cf = {-97.9999084, 0.200408936, 1.50048828, 1, 0, 0, 0, 1, 0, 0, 0, 1}},{Type = 'Wedge8',cf = {-98.000061, 6.09990311, 5.90020752, 0, 0, -1, 1, 0, 0, 0, -1, 0}},{Type = 'Wall2Thin',cf = {-99.4999084, 8.20039749, 12.0004272, 0, 0, 1, 0, 1, -0, -1, 0, 0}},{Type = 'Wedge8',cf = {-98.000061, 8.09990311, 3.90020752, 0, 0, -1, 1, 0, 0, 0, -1, 0}},{Type = 'Wedge8',cf = {-98.000061, 11.0999031, 2.10070801, 0, 0, -1, -1, 0, 0, 0, 1, 0}},{Type = 'Wedge8',cf = {-98.000061, 9.09990311, 4.10070801, 0, 0, -1, -1, 0, 0, 0, 1, 0}},{Type = 'Wedge10',cf = {-98.000061, 3.20019531, 10.5004883, 0, 0, 1, 0, 1, -0, -1, 0, 0}},{Type = 'Wedge10',cf = {-98.000061, 7.20021439, 6.50048828, 0, 0, 1, 0, 1, -0, -1, 0, 0}},{Type = 'Post',cf = {-99.9000244, 9.60026932, 3.50042725, 0, 1, -0, -1, 0, 0, 0, 0, 1}},{Type = 'Wedge10',cf = {-98.000061, 0.999633789, 10.5004883, 0, 0, 1, 0, -1, 0, 1, 0, -0}},{Type = 'Wedge8',cf = {-98.000061, 5.09990311, 8.10070801, 0, 0, -1, -1, 0, 0, 0, 1, 0}},{Type = 'Wall2Thin',cf = {-96.1002502, 9.10015869, 21.5, 0, -1, 0, 1, 0, -0, 0, 0, 1}},{Type = 'Post',cf = {-99.9000244, 1.60028076, 10.5004272, 0, 1, -0, -1, 0, 0, 0, 0, 1}},{Type = 'Wall2Thin',cf = {-99.4999695, 11.1002197, 23.1002197, 0, 0, 1, 1, 0, 0, 0, 1, 0}},{Type = 'Wedge8',cf = {-98.000061, 7.09990311, 6.10070801, 0, 0, -1, -1, 0, 0, 0, 1, 0}},{Type = 'Post',cf = {-99.9000244, 9.60026932, 2.50042725, 0, 1, -0, -1, 0, 0, 0, 0, 1}},{Type = 'Wedge8',cf = {-98.000061, 2.09991455, 9.90020752, 0, 0, -1, 1, 0, 0, 0, -1, 0}},{Type = 'Post',cf = {-99.9000244, 5.60026932, 6.50042725, 0, 1, -0, -1, 0, 0, 0, 0, 1}},{Type = 'Post',cf = {-99.9000244, 7.60027695, 4.50042725, 0, 1, -0, -1, 0, 0, 0, 0, 1}},{Type = 'Post',cf = {-99.9000244, 5.60026932, 7.50042725, 0, 1, -0, -1, 0, 0, 0, 0, 1}},{Type = 'Post',cf = {-99.9000244, 3.60027885, 9.50042725, 0, 1, -0, -1, 0, 0, 0, 0, 1}},{Type = 'Post',cf = {-99.9000244, 3.60027885, 8.50042725, 0, 1, -0, -1, 0, 0, 0, 0, 1}},{Type = 'Post',cf = {-99.9000244, 2.60028076, 10.5004272, 0, 1, -0, -1, 0, 0, 0, 0, 1}},{Type = 'Wall2Tall',cf = {-97.999939, 0.200378418, 20.500061, 1, 0, 0, 0, 1, 0, 0, 0, 1}},{Type = 'Wall2Tall',cf = {-97.999939, 0.200378418, 21.500061, 1, 0, 0, 0, 1, 0, 0, 0, 1}},{Type = 'Wall2Tall',cf = {-97.999939, 10.5999451, 15.1003418, 1, 0, 0, 0, 0, -1, 0, 1, 0}},{Type = 'Wall2Thin',cf = {-97.4999695, 11.1001892, 23.1002197, 0, 0, 1, 1, 0, 0, 0, 1, 0}},{Type = 'Wall2Thin',cf = {-96.4999695, 11.1001892, 23.1002197, 0, 0, 1, 1, 0, 0, 0, 1, 0}},{Type = 'Wall2Thin',cf = {-98.4999695, 11.1001892, 23.1002197, 0, 0, 1, 1, 0, 0, 0, 1, 0}},{Type = 'Wall2Thin',cf = {-96.1002502, 9.10015869, 20.5, 0, -1, 0, 1, 0, -0, 0, 0, 1}},{Type = 'Wall2Tall',cf = {-97.9999084, 11.6000061, 15.1003418, 1, 0, 0, 0, 0, -1, 0, 1, 0}}}
