[{"cf":[-96.10025024414063,9.10015869140625,-94.5,0,-1,0,1,0,-0,0,0,1],"Type":"Wall2Thin"},{"cf":[-97.9998779296875,0.20037841796875,-93.50003051757813,1,0,0,0,1,0,0,0,1],"Type":"Wall2Tall"},{"cf":[-97.9998779296875,0.20037841796875,-94.50003051757813,1,0,0,0,1,0,0,0,1],"Type":"Wall2Tall"},{"cf":[-97.9998779296875,10.600006103515625,-99.89962768554688,1,0,0,0,0,-1,0,1,0],"Type":"Wall2Tall"},{"cf":[-96.49996948242188,11.100250244140625,-91.89974975585938,0,0,1,1,0,0,0,1,0],"Type":"Wall2Thin"},{"cf":[-97.49996948242188,11.100250244140625,-91.89974975585938,0,0,1,1,0,0,0,1,0],"Type":"Wall2Thin"},{"cf":[-99.49996948242188,11.10028076171875,-91.89974975585938,0,0,1,1,0,0,0,1,0],"Type":"Wall2Thin"},{"cf":[-96.10025024414063,9.10015869140625,-93.5,0,-1,0,1,0,-0,0,0,1],"Type":"Wall2Thin"},{"cf":[-98.49996948242188,11.100250244140625,-91.89974975585938,0,0,1,1,0,0,0,1,0],"Type":"Wall2Thin"},{"cf":[-97.99984741210938,11.600006103515625,-99.89962768554688,1,0,0,0,0,-1,0,1,0],"Type":"Wall2Tall"},{"cf":[-97.99996948242188,6.600006103515625,-76.100341796875,1,0,-0,0,0,1,0,-1,0],"Type":"Wall2Tall"},{"cf":[-97.99996948242188,5.600006103515625,-76.100341796875,1,0,-0,0,0,1,0,-1,0],"Type":"Wall2Tall"},{"cf":[-97.99996948242188,11.600006103515625,-76.100341796875,1,0,-0,0,0,1,0,-1,0],"Type":"Wall2Tall"},{"cf":[-98.49996948242188,8.200347900390625,-85.00006103515625,0,0,1,0,1,-0,-1,0,0],"Type":"Wall2Thin"},{"cf":[-97.49996948242188,8.200347900390625,-85.00006103515625,0,0,1,0,1,-0,-1,0,0],"Type":"Wall2Thin"},{"cf":[-96.49996948242188,8.200347900390625,-85.00006103515625,0,0,1,0,1,-0,-1,0,0],"Type":"Wall2Thin"},{"cf":[-97.99996948242188,1.600006103515625,-76.100341796875,1,0,-0,0,0,1,0,-1,0],"Type":"Wall2Tall"},{"cf":[-99.49996948242188,8.200347900390625,-85.00006103515625,0,0,1,0,1,-0,-1,0,0],"Type":"Wall2Thin"},{"cf":[-99.89990234375,1.600128173828125,-75.00006103515625,0,1,0,0,0,-1,-1,0,0],"Type":"Wall2Thin"},{"cf":[-97.99996948242188,0.600006103515625,-76.100341796875,1,0,-0,0,0,1,0,-1,0],"Type":"Wall2Tall"},{"cf":[-97.99996948242188,7.999664306640625,-85.5,1,0,0,0,-1,0,0,0,-1],"Type":"Wall2Tall"},{"cf":[-97.99996948242188,7.999664306640625,-84.5,1,0,0,0,-1,0,0,0,-1],"Type":"Wall2Tall"},{"cf":[-97.99996948242188,10.600006103515625,-76.100341796875,1,0,-0,0,0,1,0,-1,0],"Type":"Wall2Tall"},{"cf":[-99.89990234375,11.600128173828125,-75.00006103515625,0,1,0,0,0,-1,-1,0,0],"Type":"Wall2Thin"},{"cf":[-99.89990234375,0.600128173828125,-75.00006103515625,0,1,0,0,0,-1,-1,0,0],"Type":"Wall2Thin"},{"cf":[-99.89990234375,10.600128173828125,-75.00006103515625,0,1,0,0,0,-1,-1,0,0],"Type":"Wall2Thin"},{"cf":[-97.9998779296875,6.100006103515625,-62.100311279296878,1,0,-0,0,0,1,0,-1,0],"Type":"Wall2Tall"},{"cf":[-97.9998779296875,7.100006103515625,-62.100311279296878,1,0,-0,0,0,1,0,-1,0],"Type":"Wall2Tall"},{"cf":[-97.9998779296875,0.200347900390625,-60.499969482421878,1,0,0,0,1,0,0,0,1],"Type":"Wall2Tall"},{"cf":[-97.9998779296875,0.200347900390625,-70.49996948242188,1,0,0,0,1,0,0,0,1],"Type":"Wall2Tall"},{"cf":[-97.9998779296875,0.200347900390625,-61.499969482421878,1,0,0,0,1,0,0,0,1],"Type":"Wall2Tall"},{"cf":[-97.9998779296875,0.200347900390625,-71.49996948242188,1,0,0,0,1,0,0,0,1],"Type":"Wall2Tall"},{"cf":[-98.49996948242188,8.180511474609375,-71.00006103515625,0,0,1,0,1,-0,-1,0,0],"Type":"Wall2Thin"},{"cf":[-99.49996948242188,8.180511474609375,-71.00006103515625,0,0,1,0,1,-0,-1,0,0],"Type":"Wall2Thin"},{"cf":[-97.49996948242188,8.180511474609375,-71.00006103515625,0,0,1,0,1,-0,-1,0,0],"Type":"Wall2Thin"},{"cf":[-96.49996948242188,8.180511474609375,-61.00006103515625,0,0,1,0,1,-0,-1,0,0],"Type":"Wall2Thin"},{"cf":[-96.49996948242188,8.180511474609375,-71.00006103515625,0,0,1,0,1,-0,-1,0,0],"Type":"Wall2Thin"},{"cf":[-97.49996948242188,8.180511474609375,-61.00006103515625,0,0,1,0,1,-0,-1,0,0],"Type":"Wall2Thin"},{"cf":[-98.49996948242188,8.180511474609375,-61.00006103515625,0,0,1,0,1,-0,-1,0,0],"Type":"Wall2Thin"},{"cf":[-99.49996948242188,8.180511474609375,-61.00006103515625,0,0,1,0,1,-0,-1,0,0],"Type":"Wall2Thin"},{"cf":[-99.89984130859375,6.10468864440918,-44.0999755859375,0,1,0,1,0,0,0,0,-1],"Type":"Wall3Thin"},{"cf":[-96.1002197265625,4.104719161987305,-35.00006103515625,0,-1,0,0,0,1,-1,0,0],"Type":"Wall2Thin"},{"cf":[-99.90011596679688,6.60456657409668,-44.500091552734378,0,1,0,0,0,-1,-1,0,0],"Type":"Post"},{"cf":[-99.89984130859375,6.104677200317383,-44.499969482421878,2.384185791015625e-7,1.000000238418579,8.940696716308594e-8,0.9271851181983948,-5.960464477539063e-7,0.37460392713546755,0.37460392713546755,-8.940696716308594e-8,-0.9271852970123291],"Type":"Wall3Thin"},{"cf":[-99.89984130859375,6.10468864440918,-44.49993896484375,0,1,0,1,0,0,0,0,-1],"Type":"Wall3Thin"},{"cf":[-99.89984130859375,6.204652786254883,-44.79998779296875,2.384185791015625e-7,1.000000238418579,8.940696716308594e-8,0.9271851181983948,-5.960464477539063e-7,0.37460392713546755,0.37460392713546755,-8.940696716308594e-8,-0.9271852970123291],"Type":"Wall3Thin"},{"cf":[-99.89984130859375,6.304616928100586,-44.899993896484378,0.00001430511474609375,1,0.000005781650543212891,0.7193562984466553,-0.00001430511474609375,0.6946413516998291,0.6946413516998291,-0.000005781650543212891,-0.7193562984466553],"Type":"Wall3Thin"},{"cf":[-99.89984130859375,6.204641342163086,-44.79998779296875,0.00001430511474609375,1,0.000005781650543212891,0.7193562984466553,-0.00001430511474609375,0.6946413516998291,0.6946413516998291,-0.000005781650543212891,-0.7193562984466553],"Type":"Wall3Thin"},{"cf":[-99.89984130859375,6.50468635559082,-45,0.00001800060272216797,1,0.000011682510375976563,0.4067128896713257,-0.00001811981201171875,0.9135560393333435,0.9135560393333435,-0.000011682510375976563,-0.40671300888061526],"Type":"Wall3Thin"},{"cf":[-99.89984130859375,6.504682540893555,-45,-0.000048041343688964847,1,-0.000046372413635253909,0.03482970595359802,0.000048041343688964847,0.9993932843208313,0.9993932843208313,0.000046372413635253909,-0.03482961654663086],"Type":"Wall3Thin"},{"cf":[-99.89984130859375,6.30461311340332,-44.899993896484378,0.00001800060272216797,1,0.000011682510375976563,0.4067128896713257,-0.00001811981201171875,0.9135560393333435,0.9135560393333435,-0.000011682510375976563,-0.40671300888061526],"Type":"Wall3Thin"},{"cf":[-99.89984130859375,6.804670333862305,-45,-0.000048041343688964847,1,-0.000046372413635253909,0.03482970595359802,0.000048041343688964847,0.9993932843208313,0.9993932843208313,0.000046372413635253909,-0.03482961654663086],"Type":"Wall3Thin"},{"cf":[-97.9998779296875,6.60432243347168,-43.899627685546878,1,0,0,0,0,-1,0,1,0],"Type":"Wall2Tall"},{"cf":[-97.9998779296875,10.60432243347168,-43.899627685546878,1,0,0,0,0,-1,0,1,0],"Type":"Wall2Tall"},{"cf":[-97.9998779296875,11.60432243347168,-43.899627685546878,1,0,0,0,0,-1,0,1,0],"Type":"Wall2Tall"},{"cf":[-97.9998779296875,5.60432243347168,-43.899627685546878,1,0,0,0,0,-1,0,1,0],"Type":"Wall2Tall"},{"cf":[-97.9998779296875,1.6043243408203126,-43.899627685546878,1,0,0,0,0,-1,0,1,0],"Type":"Wall2Tall"},{"cf":[-97.9998779296875,0.6043243408203125,-43.899627685546878,1,0,0,0,0,-1,0,1,0],"Type":"Wall2Tall"},{"cf":[-99.90011596679688,1.6045684814453126,-44.500091552734378,0,1,0,0,0,-1,-1,0,0],"Type":"Post"},{"cf":[-99.89984130859375,1.1046905517578126,-44.0999755859375,0,1,0,1,0,0,0,0,-1],"Type":"Wall3Thin"},{"cf":[-99.89984130859375,1.1046905517578126,-44.49993896484375,0,1,0,1,0,0,0,0,-1],"Type":"Wall3Thin"},{"cf":[-99.89984130859375,1.2046546936035157,-44.79998779296875,2.384185791015625e-7,1.000000238418579,8.940696716308594e-8,0.9271851181983948,-5.960464477539063e-7,0.37460392713546755,0.37460392713546755,-8.940696716308594e-8,-0.9271852970123291],"Type":"Wall3Thin"},{"cf":[-99.89984130859375,1.1046791076660157,-44.499969482421878,2.384185791015625e-7,1.000000238418579,8.940696716308594e-8,0.9271851181983948,-5.960464477539063e-7,0.37460392713546755,0.37460392713546755,-8.940696716308594e-8,-0.9271852970123291],"Type":"Wall3Thin"},{"cf":[-99.89984130859375,1.2046432495117188,-44.79998779296875,0.00001430511474609375,1,0.000005781650543212891,0.7193562984466553,-0.00001430511474609375,0.6946413516998291,0.6946413516998291,-0.000005781650543212891,-0.7193562984466553],"Type":"Wall3Thin"},{"cf":[-99.89984130859375,1.5046882629394532,-45,0.00001800060272216797,1,0.000011682510375976563,0.4067128896713257,-0.00001811981201171875,0.9135560393333435,0.9135560393333435,-0.000011682510375976563,-0.40671300888061526],"Type":"Wall3Thin"},{"cf":[-99.89984130859375,1.3046188354492188,-44.899993896484378,0.00001430511474609375,1,0.000005781650543212891,0.7193562984466553,-0.00001430511474609375,0.6946413516998291,0.6946413516998291,-0.000005781650543212891,-0.7193562984466553],"Type":"Wall3Thin"},{"cf":[-99.89984130859375,1.3046150207519532,-44.899993896484378,0.00001800060272216797,1,0.000011682510375976563,0.4067128896713257,-0.00001811981201171875,0.9135560393333435,0.9135560393333435,-0.000011682510375976563,-0.40671300888061526],"Type":"Wall3Thin"},{"cf":[-99.89984130859375,1.8046722412109376,-45,-0.000048041343688964847,1,-0.000046372413635253909,0.03482970595359802,0.000048041343688964847,0.9993932843208313,0.9993932843208313,0.000046372413635253909,-0.03482961654663086],"Type":"Wall3Thin"},{"cf":[-99.89984130859375,1.5046844482421876,-45,-0.000048041343688964847,1,-0.000046372413635253909,0.03482970595359802,0.000048041343688964847,0.9993932843208313,0.9993932843208313,0.000046372413635253909,-0.03482961654663086],"Type":"Wall3Thin"},{"cf":[-99.89984130859375,1.9045867919921876,-44.999969482421878,0,1,0,0,0,1,1,0,0],"Type":"Wall3Thin"},{"cf":[-99.90011596679688,2.0045623779296877,-44.500091552734378,0,1,0,0,0,-1,-1,0,0],"Type":"Post"},{"cf":[-99.89984130859375,2.3045806884765627,-44.999969482421878,0,1,0,0,0,1,1,0,0],"Type":"Wall3Thin"},{"cf":[-99.89984130859375,6.10468864440918,-35.79998779296875,0,1,-0,-1,0,0,0,0,1],"Type":"Wall3Thin"},{"cf":[-99.89984130859375,6.10468864440918,-35.5,0,1,-0,-1,0,0,0,0,1],"Type":"Wall3Thin"},{"cf":[-96.10003662109375,5.10456657409668,-35.500091552734378,0,-1,0,0,0,1,-1,0,0],"Type":"Post"},{"cf":[-99.89984130859375,6.104700088500977,-35.499969482421878,-3.5762786865234377e-7,1,-7.450580596923828e-8,-0.9271849393844605,-3.5762786865234377e-7,-0.37460386753082278,-0.37460386753082278,-7.450580596923828e-8,0.9271849393844605],"Type":"Wall3Thin"},{"cf":[-99.89984130859375,6.004674911499023,-35.199981689453128,-0.00001430511474609375,1.000000238418579,-0.000005751848220825195,-0.7193563580513,-0.00001430511474609375,-0.6946414709091187,-0.6946414709091187,-0.000005751848220825195,0.7193561792373657],"Type":"Wall3Thin"},{"cf":[-99.89984130859375,6.004663467407227,-35.199981689453128,-3.5762786865234377e-7,1,-7.450580596923828e-8,-0.9271849393844605,-3.5762786865234377e-7,-0.37460386753082278,-0.37460386753082278,-7.450580596923828e-8,0.9271849393844605],"Type":"Wall3Thin"},{"cf":[-99.89984130859375,5.904638290405273,-35.0999755859375,-0.00001430511474609375,1.000000238418579,-0.000005751848220825195,-0.7193563580513,-0.00001430511474609375,-0.6946414709091187,-0.6946414709091187,-0.000005751848220825195,0.7193561792373657],"Type":"Wall3Thin"},{"cf":[-99.89984130859375,5.704690933227539,-34.999969482421878,-0.00001811981201171875,1,-0.000011682510375976563,-0.4067128896713257,-0.00001811981201171875,-0.9135560393333435,-0.9135560393333435,-0.000011682510375976563,0.4067128896713257],"Type":"Wall3Thin"},{"cf":[-99.89984130859375,5.904642105102539,-35.0999755859375,-0.00001811981201171875,1,-0.000011682510375976563,-0.4067128896713257,-0.00001811981201171875,-0.9135560393333435,-0.9135560393333435,-0.000011682510375976563,0.4067128896713257],"Type":"Wall3Thin"},{"cf":[-99.89984130859375,5.704694747924805,-34.999969482421878,0.000048041343688964847,1,0.000046372413635253909,-0.03482970595359802,0.000048041343688964847,-0.9993932843208313,-0.9993932843208313,0.000046372413635253909,0.034829676151275638],"Type":"Wall3Thin"},{"cf":[-99.89984130859375,5.204694747924805,-34.999969482421878,0,1,0,0,0,-1,-1,0,0],"Type":"Wall3Thin"},{"cf":[-99.89984130859375,4.804670333862305,-34.999969482421878,0,1,0,0,0,-1,-1,0,0],"Type":"Wall3Thin"},{"cf":[-99.89984130859375,5.504621505737305,-34.999969482421878,0.000048041343688964847,1,0.000046372413635253909,-0.03482970595359802,0.000048041343688964847,-0.9993932843208313,-0.9993932843208313,0.000046372413635253909,0.034829676151275638],"Type":"Wall3Thin"},{"cf":[-99.89984130859375,1.1045074462890626,-35.89996337890625,0,1,0,1,0,0,0,0,-1],"Type":"Wall3Thin"},{"cf":[-96.10003662109375,6.00459098815918,-35.500091552734378,0,-1,0,0,0,1,-1,0,0],"Type":"Post"},{"cf":[-99.900146484375,2.0043182373046877,-35.500091552734378,0,1,0,0,0,-1,-1,0,0],"Type":"Post"},{"cf":[-99.89984130859375,1.1045188903808594,-35.5,2.384185791015625e-7,1.000000238418579,-8.940696716308594e-8,0.9271851181983948,-5.960464477539063e-7,-0.37460392713546755,-0.37460392713546755,8.940696716308594e-8,-0.9271852970123291],"Type":"Wall3Thin"},{"cf":[-99.89984130859375,1.1045074462890626,-35.5,0,1,0,1,0,0,0,0,-1],"Type":"Wall3Thin"},{"cf":[-99.89984130859375,1.2044944763183594,-35.199981689453128,2.384185791015625e-7,1.000000238418579,-8.940696716308594e-8,0.9271851181983948,-5.960464477539063e-7,-0.37460392713546755,-0.37460392713546755,8.940696716308594e-8,-0.9271852970123291],"Type":"Wall3Thin"},{"cf":[-99.89984130859375,1.3044815063476563,-35.0999755859375,0.00001430511474609375,1,-0.000005781650543212891,0.7193562984466553,-0.00001430511474609375,-0.6946413516998291,-0.6946413516998291,0.000005781650543212891,-0.7193562984466553],"Type":"Wall3Thin"},{"cf":[-99.89984130859375,1.2045059204101563,-35.199981689453128,0.00001430511474609375,1,-0.000005781650543212891,0.7193562984466553,-0.00001430511474609375,-0.6946413516998291,-0.6946413516998291,0.000005781650543212891,-0.7193562984466553],"Type":"Wall3Thin"},{"cf":[-99.89984130859375,1.3044853210449219,-35.0999755859375,0.00001800060272216797,1,-0.000011682510375976563,0.4067128896713257,-0.00001811981201171875,-0.9135560393333435,-0.9135560393333435,0.000011682510375976563,-0.40671300888061526],"Type":"Wall3Thin"},{"cf":[-99.89984130859375,1.5045623779296876,-34.999969482421878,-0.000048041343688964847,1,0.000046372413635253909,0.03482970595359802,0.000048041343688964847,-0.9993932843208313,-0.9993932843208313,-0.000046372413635253909,-0.03482961654663086],"Type":"Wall3Thin"},{"cf":[-99.89984130859375,1.5045585632324219,-34.999969482421878,0.00001800060272216797,1,-0.000011682510375976563,0.4067128896713257,-0.00001811981201171875,-0.9135560393333435,-0.9135560393333435,0.000011682510375976563,-0.40671300888061526],"Type":"Wall3Thin"},{"cf":[-99.89984130859375,1.8045501708984376,-34.999969482421878,-0.000048041343688964847,1,0.000046372413635253909,0.03482970595359802,0.000048041343688964847,-0.9993932843208313,-0.9993932843208313,-0.000046372413635253909,-0.03482961654663086],"Type":"Wall3Thin"},{"cf":[-99.89984130859375,2.5044708251953127,-35,0,1,0,0,0,-1,-1,0,0],"Type":"Wall3Thin"},{"cf":[-99.89984130859375,2.1044769287109377,-35,0,1,0,0,0,-1,-1,0,0],"Type":"Wall3Thin"},{"cf":[-99.900146484375,1.1043243408203126,-35.500091552734378,0,1,0,0,0,-1,-1,0,0],"Type":"Post"},{"cf":[-99.900146484375,3.0043182373046877,-35.500091552734378,0,1,0,0,0,-1,-1,0,0],"Type":"Post"},{"cf":[-99.900146484375,1.6043243408203126,-35.60009765625,0,1,0,0,0,-1,-1,0,0],"Type":"Post"},{"cf":[-99.89987182617188,11.10468864440918,-44.20001220703125,0,1,-0,-1,0,0,0,0,1],"Type":"Wall3Thin"},{"cf":[-99.89987182617188,11.004674911499024,-44.800018310546878,-0.00001430511474609375,1.000000238418579,0.000005751848220825195,-0.7193563580513,-0.00001430511474609375,0.6946414709091187,0.6946414709091187,0.000005751848220825195,0.7193561792373657],"Type":"Wall3Thin"},{"cf":[-99.89987182617188,11.104700088500977,-44.5,-3.5762786865234377e-7,1,7.450580596923828e-8,-0.9271849393844605,-3.5762786865234377e-7,0.37460386753082278,0.37460386753082278,7.450580596923828e-8,0.9271849393844605],"Type":"Wall3Thin"},{"cf":[-99.89987182617188,10.704690933227539,-45.000030517578128,-0.00001811981201171875,1,0.000011682510375976563,-0.4067128896713257,-0.00001811981201171875,0.9135560393333435,0.9135560393333435,0.000011682510375976563,0.4067128896713257],"Type":"Wall3Thin"},{"cf":[-99.89987182617188,9.804670333862305,-45,0,1,0,0,0,1,1,0,0],"Type":"Wall3Thin"},{"cf":[-99.89987182617188,10.404645919799805,-45.000030517578128,0.000048041343688964847,1,-0.000046372413635253909,-0.03482970595359802,0.000048041343688964847,0.9993932843208313,0.9993932843208313,-0.000046372413635253909,0.034829676151275638],"Type":"Wall3Thin"},{"cf":[-99.89987182617188,10.104658126831055,-45,0,1,0,0,0,1,1,0,0],"Type":"Wall3Thin"},{"cf":[-99.89987182617188,10.904703140258789,-44.9000244140625,-0.00001811981201171875,1,0.000011682510375976563,-0.4067128896713257,-0.00001811981201171875,0.9135560393333435,0.9135560393333435,0.000011682510375976563,0.4067128896713257],"Type":"Wall3Thin"},{"cf":[-99.89987182617188,10.704694747924805,-45.000030517578128,0.000048041343688964847,1,-0.000046372413635253909,-0.03482970595359802,0.000048041343688964847,0.9993932843208313,0.9993932843208313,-0.000046372413635253909,0.034829676151275638],"Type":"Wall3Thin"},{"cf":[-99.89987182617188,10.904638290405274,-44.9000244140625,-0.00001430511474609375,1.000000238418579,0.000005751848220825195,-0.7193563580513,-0.00001430511474609375,0.6946414709091187,0.6946414709091187,0.000005751848220825195,0.7193561792373657],"Type":"Wall3Thin"},{"cf":[-99.89987182617188,11.10468864440918,-44.5,0,1,-0,-1,0,0,0,0,1],"Type":"Wall3Thin"},{"cf":[-99.89987182617188,11.004663467407227,-44.79998779296875,-3.5762786865234377e-7,1,7.450580596923828e-8,-0.9271849393844605,-3.5762786865234377e-7,0.37460386753082278,0.37460386753082278,7.450580596923828e-8,0.9271849393844605],"Type":"Wall3Thin"},{"cf":[-96.10006713867188,10.10456657409668,-44.500091552734378,0,-1,0,0,0,1,-1,0,0],"Type":"Post"},{"cf":[-99.89984130859375,11.10468864440918,-35.79998779296875,0,1,-0,-1,0,0,0,0,1],"Type":"Wall3Thin"},{"cf":[-96.10006713867188,11.10456657409668,-44.500091552734378,0,-1,0,0,0,1,-1,0,0],"Type":"Post"},{"cf":[-96.10003662109375,10.10456657409668,-35.500091552734378,0,-1,0,0,0,1,-1,0,0],"Type":"Post"},{"cf":[-99.89984130859375,11.104700088500977,-35.499969482421878,-3.5762786865234377e-7,1,-7.450580596923828e-8,-0.9271849393844605,-3.5762786865234377e-7,-0.37460386753082278,-0.37460386753082278,-7.450580596923828e-8,0.9271849393844605],"Type":"Wall3Thin"},{"cf":[-99.89984130859375,11.10468864440918,-35.5,0,1,-0,-1,0,0,0,0,1],"Type":"Wall3Thin"},{"cf":[-99.89984130859375,11.004663467407227,-35.199981689453128,-3.5762786865234377e-7,1,-7.450580596923828e-8,-0.9271849393844605,-3.5762786865234377e-7,-0.37460386753082278,-0.37460386753082278,-7.450580596923828e-8,0.9271849393844605],"Type":"Wall3Thin"},{"cf":[-99.89984130859375,10.904638290405274,-35.0999755859375,-0.00001430511474609375,1.000000238418579,-0.000005751848220825195,-0.7193563580513,-0.00001430511474609375,-0.6946414709091187,-0.6946414709091187,-0.000005751848220825195,0.7193561792373657],"Type":"Wall3Thin"},{"cf":[-99.89984130859375,11.004674911499024,-35.199981689453128,-0.00001430511474609375,1.000000238418579,-0.000005751848220825195,-0.7193563580513,-0.00001430511474609375,-0.6946414709091187,-0.6946414709091187,-0.000005751848220825195,0.7193561792373657],"Type":"Wall3Thin"},{"cf":[-99.89984130859375,10.904642105102539,-35.0999755859375,-0.00001811981201171875,1,-0.000011682510375976563,-0.4067128896713257,-0.00001811981201171875,-0.9135560393333435,-0.9135560393333435,-0.000011682510375976563,0.4067128896713257],"Type":"Wall3Thin"},{"cf":[-99.89984130859375,10.704694747924805,-34.999969482421878,0.000048041343688964847,1,0.000046372413635253909,-0.03482970595359802,0.000048041343688964847,-0.9993932843208313,-0.9993932843208313,0.000046372413635253909,0.034829676151275638],"Type":"Wall3Thin"},{"cf":[-99.89984130859375,10.704690933227539,-34.999969482421878,-0.00001811981201171875,1,-0.000011682510375976563,-0.4067128896713257,-0.00001811981201171875,-0.9135560393333435,-0.9135560393333435,-0.000011682510375976563,0.4067128896713257],"Type":"Wall3Thin"},{"cf":[-99.89984130859375,9.804670333862305,-34.999969482421878,0,1,0,0,0,-1,-1,0,0],"Type":"Wall3Thin"},{"cf":[-99.89984130859375,10.504621505737305,-34.999969482421878,0.000048041343688964847,1,0.000046372413635253909,-0.03482970595359802,0.000048041343688964847,-0.9993932843208313,-0.9993932843208313,0.000046372413635253909,0.034829676151275638],"Type":"Wall3Thin"},{"cf":[-99.89984130859375,10.204694747924805,-34.999969482421878,0,1,0,0,0,-1,-1,0,0],"Type":"Wall3Thin"},{"cf":[-96.10003662109375,11.00459098815918,-35.500091552734378,0,-1,0,0,0,1,-1,0,0],"Type":"Post"},{"cf":[-96.1002197265625,8.104719161987305,-45.00006103515625,0,-1,0,0,0,1,-1,0,0],"Type":"Wall2Thin"},{"cf":[-96.1002197265625,9.104719161987305,-45.00006103515625,0,-1,0,0,0,1,-1,0,0],"Type":"Wall2Thin"},{"cf":[-96.1002197265625,7.104719161987305,-45.00006103515625,0,-1,0,0,0,1,-1,0,0],"Type":"Wall2Thin"},{"cf":[-96.1002197265625,3.1047210693359377,-35.00006103515625,0,-1,0,0,0,1,-1,0,0],"Type":"Wall2Thin"},{"cf":[-98,0.19973373413085938,-30.5,-1,0,0,0,1,0,0,0,-1],"Type":"Wall2Tall"},{"cf":[-99.5,8.200113296508789,-31,0,0,1,0,1,-0,-1,0,0],"Type":"Wall2Thin"},{"cf":[-98,0.19946670532226563,-31.5,-1,0,0,0,1,0,0,0,-1],"Type":"Wall2Tall"},{"cf":[-96.5,8.199468612670899,-31,0,0,-1,0,1,0,1,0,0],"Type":"Wall2Thin"},{"cf":[-98.5,8.199468612670899,-31,0,0,-1,0,1,0,1,0,0],"Type":"Wall2Thin"},{"cf":[-97.5,8.199468612670899,-31,0,0,-1,0,1,0,1,0,0],"Type":"Wall2Thin"},{"cf":[-97.99996948242188,2.20037841796875,-26.5,1,0,0,0,1,0,0,0,1],"Type":"Wall2Tall"},{"cf":[-97.99996948242188,2.20037841796875,-27.5,1,0,0,0,1,0,0,0,1],"Type":"Wall2Tall"},{"cf":[-97.99996948242188,0.600006103515625,-27.89959716796875,1,0,0,0,0,-1,0,1,0],"Type":"Wall2Tall"},{"cf":[-99.49996948242188,1.10015869140625,-19.89971923828125,0,0,1,1,0,0,0,1,0],"Type":"Wall2Thin"},{"cf":[-97.99996948242188,1.600006103515625,-27.89959716796875,1,0,0,0,0,-1,0,1,0],"Type":"Wall2Tall"},{"cf":[-96.49996948242188,1.10015869140625,-19.89971923828125,0,0,1,1,0,0,0,1,0],"Type":"Wall2Thin"},{"cf":[-98.49996948242188,1.10015869140625,-19.89971923828125,0,0,1,1,0,0,0,1,0],"Type":"Wall2Thin"},{"cf":[-97.49996948242188,1.10015869140625,-19.89971923828125,0,0,1,1,0,0,0,1,0],"Type":"Wall2Thin"},{"cf":[-96.10025024414063,11.10015869140625,-27.5,0,-1,0,1,0,-0,0,0,1],"Type":"Wall2Thin"},{"cf":[-96.10025024414063,11.10015869140625,-26.5,0,-1,0,1,0,-0,0,0,1],"Type":"Wall2Thin"},{"cf":[-97.99996948242188,6.600006103515625,-4.100341796875,1,0,-0,0,0,1,0,-1,0],"Type":"Wall2Tall"},{"cf":[-97.99996948242188,5.600006103515625,-4.100341796875,1,0,-0,0,0,1,0,-1,0],"Type":"Wall2Tall"},{"cf":[-97.99996948242188,11.600006103515625,-4.100341796875,1,0,-0,0,0,1,0,-1,0],"Type":"Wall2Tall"},{"cf":[-98.49996948242188,8.200347900390625,-13.00006103515625,0,0,1,0,1,-0,-1,0,0],"Type":"Wall2Thin"},{"cf":[-97.49996948242188,8.200347900390625,-13.00006103515625,0,0,1,0,1,-0,-1,0,0],"Type":"Wall2Thin"},{"cf":[-96.49996948242188,8.200347900390625,-13.00006103515625,0,0,1,0,1,-0,-1,0,0],"Type":"Wall2Thin"},{"cf":[-97.99996948242188,1.600006103515625,-4.100341796875,1,0,-0,0,0,1,0,-1,0],"Type":"Wall2Tall"},{"cf":[-99.49996948242188,8.200347900390625,-13.00006103515625,0,0,1,0,1,-0,-1,0,0],"Type":"Wall2Thin"},{"cf":[-99.89990234375,1.600128173828125,-3.00006103515625,0,1,0,0,0,-1,-1,0,0],"Type":"Wall2Thin"},{"cf":[-97.99996948242188,0.600006103515625,-4.100341796875,1,0,-0,0,0,1,0,-1,0],"Type":"Wall2Tall"},{"cf":[-97.99996948242188,7.999664306640625,-13.5,1,0,0,0,-1,0,0,0,-1],"Type":"Wall2Tall"},{"cf":[-97.99996948242188,7.999664306640625,-12.5,1,0,0,0,-1,0,0,0,-1],"Type":"Wall2Tall"},{"cf":[-97.99996948242188,10.600006103515625,-4.100341796875,1,0,-0,0,0,1,0,-1,0],"Type":"Wall2Tall"},{"cf":[-99.89990234375,11.600128173828125,-3.00006103515625,0,1,0,0,0,-1,-1,0,0],"Type":"Wall2Thin"},{"cf":[-99.89990234375,0.600128173828125,-3.00006103515625,0,1,0,0,0,-1,-1,0,0],"Type":"Wall2Thin"},{"cf":[-99.89990234375,10.600128173828125,-3.00006103515625,0,1,0,0,0,-1,-1,0,0],"Type":"Wall2Thin"},{"cf":[-99.49990844726563,8.200397491455079,1.00042724609375,0,0,1,0,1,-0,-1,0,0],"Type":"Wall2Thin"},{"cf":[-99.9000244140625,7.600276947021484,5.50048828125,0,1,-0,-1,0,0,0,0,1],"Type":"Post"},{"cf":[-97.49990844726563,8.200397491455079,12.00042724609375,0,0,1,0,1,-0,-1,0,0],"Type":"Wall2Thin"},{"cf":[-97.99990844726563,0.200408935546875,12.50048828125,1,0,0,0,1,0,0,0,1],"Type":"Wall2Tall"},{"cf":[-98.49990844726563,8.200397491455079,1.00042724609375,0,0,1,0,1,-0,-1,0,0],"Type":"Wall2Thin"},{"cf":[-98.49990844726563,8.200397491455079,12.00042724609375,0,0,1,0,1,-0,-1,0,0],"Type":"Wall2Thin"},{"cf":[-96.49990844726563,8.200397491455079,1.00042724609375,0,0,1,0,1,-0,-1,0,0],"Type":"Wall2Thin"},{"cf":[-97.49990844726563,8.200397491455079,1.00042724609375,0,0,1,0,1,-0,-1,0,0],"Type":"Wall2Thin"},{"cf":[-97.99990844726563,0.200408935546875,0.50048828125,1,0,0,0,1,0,0,0,1],"Type":"Wall2Tall"},{"cf":[-96.49990844726563,8.200397491455079,12.00042724609375,0,0,1,0,1,-0,-1,0,0],"Type":"Wall2Thin"},{"cf":[-97.99990844726563,0.200408935546875,11.50048828125,1,0,0,0,1,0,0,0,1],"Type":"Wall2Tall"},{"cf":[-97.99990844726563,0.200408935546875,1.50048828125,1,0,0,0,1,0,0,0,1],"Type":"Wall2Tall"},{"cf":[-98.00004577636719,6.099903106689453,5.90020751953125,0,0,-1,1,0,0,0,-1,0],"Type":"Wedge8"},{"cf":[-99.49990844726563,8.200397491455079,12.00042724609375,0,0,1,0,1,-0,-1,0,0],"Type":"Wall2Thin"},{"cf":[-98.00004577636719,11.099903106689454,2.1007080078125,0,0,-1,-1,0,0,0,1,0],"Type":"Wedge8"},{"cf":[-98.00004577636719,9.099903106689454,4.1007080078125,0,0,-1,-1,0,0,0,1,0],"Type":"Wedge8"},{"cf":[-98.00004577636719,8.099903106689454,3.90020751953125,0,0,-1,1,0,0,0,-1,0],"Type":"Wedge8"},{"cf":[-98.00007629394531,7.200214385986328,6.50048828125,0,0,1,0,1,-0,-1,0,0],"Type":"Wedge10"},{"cf":[-98.00004577636719,4.099903106689453,7.90020751953125,0,0,-1,1,0,0,0,-1,0],"Type":"Wedge8"},{"cf":[-98.00007629394531,0.9996337890625,10.50048828125,0,0,1,0,-1,0,1,0,-0],"Type":"Wedge10"},{"cf":[-98.00007629394531,3.2001953125,10.50048828125,0,0,1,0,1,-0,-1,0,0],"Type":"Wedge10"},{"cf":[-98.00004577636719,5.099903106689453,8.1007080078125,0,0,-1,-1,0,0,0,1,0],"Type":"Wedge8"},{"cf":[-99.9000244140625,1.60028076171875,10.50048828125,0,1,-0,-1,0,0,0,0,1],"Type":"Post"},{"cf":[-98.00004577636719,7.099903106689453,6.1007080078125,0,0,-1,-1,0,0,0,1,0],"Type":"Wedge8"},{"cf":[-99.9000244140625,9.600269317626954,2.50048828125,0,1,-0,-1,0,0,0,0,1],"Type":"Post"},{"cf":[-98.00004577636719,2.09991455078125,9.90020751953125,0,0,-1,1,0,0,0,-1,0],"Type":"Wedge8"},{"cf":[-99.9000244140625,9.600269317626954,3.50048828125,0,1,-0,-1,0,0,0,0,1],"Type":"Post"},{"cf":[-99.9000244140625,5.600269317626953,6.50048828125,0,1,-0,-1,0,0,0,0,1],"Type":"Post"},{"cf":[-99.9000244140625,7.600276947021484,4.50048828125,0,1,-0,-1,0,0,0,0,1],"Type":"Post"},{"cf":[-99.9000244140625,5.600269317626953,7.50048828125,0,1,-0,-1,0,0,0,0,1],"Type":"Post"},{"cf":[-99.9000244140625,3.600278854370117,9.50048828125,0,1,-0,-1,0,0,0,0,1],"Type":"Post"},{"cf":[-99.9000244140625,3.600278854370117,8.50048828125,0,1,-0,-1,0,0,0,0,1],"Type":"Post"},{"cf":[-99.9000244140625,2.60028076171875,10.50048828125,0,1,-0,-1,0,0,0,0,1],"Type":"Post"},{"cf":[-97.99993896484375,0.20037841796875,20.5,1,0,0,0,1,0,0,0,1],"Type":"Wall2Tall"},{"cf":[-97.99993896484375,0.20037841796875,21.5,1,0,0,0,1,0,0,0,1],"Type":"Wall2Tall"},{"cf":[-97.99993896484375,10.600006103515625,15.100341796875,1,0,0,0,0,-1,0,1,0],"Type":"Wall2Tall"},{"cf":[-97.49996948242188,11.100189208984375,23.1002197265625,0,0,1,1,0,0,0,1,0],"Type":"Wall2Thin"},{"cf":[-96.49996948242188,11.100189208984375,23.1002197265625,0,0,1,1,0,0,0,1,0],"Type":"Wall2Thin"},{"cf":[-98.49996948242188,11.100189208984375,23.1002197265625,0,0,1,1,0,0,0,1,0],"Type":"Wall2Thin"},{"cf":[-96.10025024414063,9.10015869140625,20.5,0,-1,0,1,0,-0,0,0,1],"Type":"Wall2Thin"},{"cf":[-96.10025024414063,9.10015869140625,21.5,0,-1,0,1,0,-0,0,0,1],"Type":"Wall2Thin"},{"cf":[-99.49996948242188,11.1002197265625,23.1002197265625,0,0,1,1,0,0,0,1,0],"Type":"Wall2Thin"},{"cf":[-97.99990844726563,11.600006103515625,15.100341796875,1,0,0,0,0,-1,0,1,0],"Type":"Wall2Tall"}]
