return {{Type = 'Wall2',cf = {75.9996948, 18.9491272, 98.4876709, -1, 0, 0, 0, -1, 0, 0, 0, 1}},{Type = 'Wall3Thin',cf = {66.7763672, 15.0749931, -66.8451538, 0.865962386, 0.000561307766, 0.500108778, 0.00060600182, -0.999999881, 7.30498723e-05, 0.500108778, 0.000239808389, -0.865962744}},{Type = 'Wall3Thin',cf = {68.3356323, 15.0769424, -65.9446106, -0.865962982, 0.000144411519, -0.500108898, -0.000189105573, -1.00000048, 3.86852262e-05, -0.500108898, 0.000128073327, 0.865962565}},{Type = 'Wall2',cf = {77.2001953, 18.8392792, -88.6127319, -1, 0, -0, 0, 0, -1, 0, -1, -0}},{Type = 'Wall2ShortThin',cf = {69.9000244, 19.4396439, -76.3126221, 0, 0, 1, 0, 1, -0, -1, 0, 0}},{Type = 'Wall2',cf = {81.2001953, 18.8392792, -80.6127319, -1, 0, -0, 0, 0, -1, 0, -1, -0}},{Type = 'Wall2',cf = {74.2001953, 18.8392792, -92.6127319, -1, 0, -0, 0, 0, -1, 0, -1, -0}},{Type = 'Wall2',cf = {81.2001953, 18.8392792, -84.6127319, -1, 0, -0, 0, 0, -1, 0, -1, -0}},{Type = 'Wall2',cf = {81.2001953, 18.8392792, -88.6127319, -1, 0, -0, 0, 0, -1, 0, -1, -0}},{Type = 'Wall2',cf = {81.2001953, 18.8392792, -92.6127319, -1, 0, -0, 0, 0, -1, 0, -1, -0}},{Type = 'Wall2',cf = {77.2001953, 18.8392792, -88.4122925, 1, 0, 0, 0, 0, -1, 0, 1, 0}},{Type = 'Wall2Thin',cf = {79.300415, 18.8392792, -79.5125732, 0, 1, 0, 0, 0, -1, -1, 0, 0}},{Type = 'Wall2Thin',cf = {82.5004272, 18.8391571, -79.5125732, 0, 1, 0, 0, 0, -1, -1, 0, 0}},{Type = 'Wall2Thin',cf = {75.300415, 18.8392792, -79.5125732, 0, 1, 0, 0, 0, -1, -1, 0, 0}},{Type = 'Wall2',cf = {77.2001953, 18.8392792, -84.4122925, 1, 0, 0, 0, 0, -1, 0, 1, 0}},{Type = 'Wall2',cf = {74.2001953, 18.8392792, -88.4122925, 1, 0, 0, 0, 0, -1, 0, 1, 0}},{Type = 'Wall2',cf = {74.2001953, 18.8392792, -88.6127319, -1, 0, -0, 0, 0, -1, 0, -1, -0}},{Type = 'Wall2',cf = {77.2001953, 18.8392792, -92.6127319, -1, 0, -0, 0, 0, -1, 0, -1, -0}},{Type = 'Wall2',cf = {87.9053955, 18.2390594, -82.6075439, -0.157006621, -0, -0.987597823, 0, -1.00000048, 0, -0.987597823, 0, 0.157006204}},{Type = 'Wall2Thin',cf = {72.1004028, 18.8391571, -79.5125732, 0, 1, 0, 0, 0, -1, -1, 0, 0}},{Type = 'Wall2',cf = {74.2001953, 18.8392792, -80.6127319, -1, 0, -0, 0, 0, -1, 0, -1, -0}},{Type = 'Wall2',cf = {84.2001953, 18.8392792, -88.4122925, 1, 0, 0, 0, 0, -1, 0, 1, 0}},{Type = 'Wall2',cf = {84.2001953, 18.8392792, -88.6127319, -1, 0, -0, 0, 0, -1, 0, -1, -0}},{Type = 'Wedge4_Thin',cf = {72.2648926, 18.8392792, -94.5113525, 0.0871878266, -0.996191859, -5.66244125e-07, 5.66244125e-07, 5.96046448e-07, -1, 0.996191859, 0.0871878564, 5.96046448e-07}},{Type = 'Wedge4_Thin',cf = {69.9983521, 18.8392792, -80.2595825, 0.0871878266, -0.996191859, -5.66244125e-07, 5.66244125e-07, 5.96046448e-07, -1, 0.996191859, 0.0871878564, 5.96046448e-07}},{Type = 'Wedge4_Thin',cf = {86.1258545, 18.8392792, -94.5113525, -0.087187767, 0.996191859, 5.66244125e-07, -5.66244125e-07, -5.96046448e-07, 1, 0.996191859, 0.0871878564, 5.96046448e-07}},{Type = 'Wall2',cf = {84.2001953, 18.8392792, -92.6127319, -1, 0, -0, 0, 0, -1, 0, -1, -0}},{Type = 'Wall2',cf = {84.2001953, 18.8392792, -84.4122925, 1, 0, 0, 0, 0, -1, 0, 1, 0}},{Type = 'Wedge4_Thin',cf = {87.4210205, 18.8392792, -86.3674927, -0.087187767, 0.996191859, 5.66244125e-07, -5.66244125e-07, -5.96046448e-07, 1, 0.996191859, 0.0871878564, 5.96046448e-07}},{Type = 'Wedge4_Thin',cf = {70.9697266, 18.8392792, -86.3674927, 0.0871878266, -0.996191859, -5.66244125e-07, 5.66244125e-07, 5.96046448e-07, -1, 0.996191859, 0.0871878564, 5.96046448e-07}},{Type = 'Post',cf = {86.3409424, 18.8392792, -92.384491, -5.96046448e-07, -0.0871878564, 0.996191859, 1, -5.96046448e-07, 5.66244125e-07, 5.66244125e-07, 0.996191859, 0.0871878266}},{Type = 'Post',cf = {72.0496826, 18.8392792, -92.384491, 5.96046448e-07, 0.0871878564, 0.996191859, 1, -5.96046448e-07, -5.66244125e-07, 5.66244125e-07, 0.996191859, -0.087187767}},{Type = 'Wedge4_Thin',cf = {71.6173096, 18.8392792, -90.4394226, 0.0871878266, -0.996191859, -5.66244125e-07, 5.66244125e-07, 5.96046448e-07, -1, 0.996191859, 0.0871878564, 5.96046448e-07}},{Type = 'Wedge4_Thin',cf = {86.7734375, 18.8392792, -90.4394226, -0.087187767, 0.996191859, 5.66244125e-07, -5.66244125e-07, -5.96046448e-07, 1, 0.996191859, 0.0871878564, 5.96046448e-07}},{Type = 'Wall2Thin',cf = {71.9003296, 18.8392792, -88.3558655, -0.996190667, 0.0872024298, -2.08243728e-06, 2.08243728e-06, 4.76837158e-05, 1, 0.0872024298, 0.996190667, -4.76837158e-05}},{Type = 'Wall2Thin',cf = {86.4902344, 18.8392792, -88.355896, -0.996190667, -0.0872024298, 2.08243728e-06, -2.08243728e-06, 4.76837158e-05, 1, -0.0872024298, 0.996190667, -4.76837158e-05}},{Type = 'Wedge4_Thin',cf = {88.0686035, 18.8392792, -82.2955322, -0.087187767, 0.996191859, 5.66244125e-07, -5.66244125e-07, -5.96046448e-07, 1, 0.996191859, 0.0871878564, 5.96046448e-07}},{Type = 'Wall2Thin',cf = {71.2527466, 18.8394012, -84.2839355, -0.996190667, 0.0872024298, -2.08243728e-06, 2.08243728e-06, 4.76837158e-05, 1, 0.0872024298, 0.996190667, -4.76837158e-05}},{Type = 'Wall2Thin',cf = {87.1377563, 18.8392792, -84.2839661, -0.996190667, -0.0872024298, 2.08243728e-06, -2.08243728e-06, 4.76837158e-05, 1, -0.0872024298, 0.996190667, -4.76837158e-05}},{Type = 'Wedge4_Thin',cf = {70.3221436, 18.8392792, -82.2955322, 0.0871878266, -0.996191859, -5.66244125e-07, 5.66244125e-07, 5.96046448e-07, -1, 0.996191859, 0.0871878564, 5.96046448e-07}},{Type = 'Wall2Thin',cf = {70.0141602, 14.4395447, -79.6447754, -0.157006621, 0, -0.987597823, 0, 1, 0, 0.987597823, 0, -0.157006621}},{Type = 'Wall2',cf = {72.3701172, 18.2390747, -94.4586792, -0.157006621, 0, 0.987597823, 0, -1.00000048, 0, 0.987597823, 0, 0.157006204}},{Type = 'Wall2Thin',cf = {87.461731, 18.8394012, -82.2479858, -0.996190667, -0.0872024298, 2.08243728e-06, -2.08243728e-06, 4.76837158e-05, 1, -0.0872024298, 0.996190667, -4.76837158e-05}},{Type = 'Wall2Thin',cf = {70.9290161, 18.8394012, -82.2479858, -0.996190667, 0.0872024298, 2.08243728e-06, -2.08243728e-06, -4.76837158e-05, 1, 0.0872024298, 0.996190667, 4.76837158e-05}},{Type = 'Wall2TallThin',cf = {71.4436035, 13.3392258, -88.6322632, -6.43730164e-06, 0.157053977, 0.987590253, -1.00000024, -6.43730164e-06, -5.36441803e-06, 5.36441803e-06, -0.987590253, 0.157053769}},{Type = 'Wedge4_Thin',cf = {88.392395, 18.8392792, -80.2595825, -0.087187767, 0.996191859, 5.66244125e-07, -5.66244125e-07, -5.96046448e-07, 1, 0.996191859, 0.0871878564, 5.96046448e-07}},{Type = 'Wall2TallThin',cf = {88.2038574, 13.3392487, -80.7315674, 6.31809235e-06, -0.157053947, 0.987590015, -1, -6.19888306e-06, 5.36441803e-06, 5.36441803e-06, -0.987590015, -0.157053947}},{Type = 'Wall2Thin',cf = {88.376709, 14.439537, -79.6447144, -0.157006621, 0, 0.987597823, 0, 1, 0, -0.987597823, 0, -0.157006621}},{Type = 'Wall2',cf = {86.6489258, 18.2390594, -90.5083008, -0.157006621, -0, -0.987597823, 0, -1.00000048, 0, -0.987597823, 0, 0.157006204}},{Type = 'Wall2',cf = {71.508606, 12.8391628, -86.4951172, -0.157053947, -0.987590015, 5.36441803e-06, 5.36441803e-06, -6.19888306e-06, -1, 0.987590015, -0.157053947, 6.31809235e-06}},{Type = 'Wall2',cf = {86.0206299, 18.2390594, -94.4586792, -0.157006621, -0, -0.987597823, 0, -1.00000048, 0, -0.987597823, 0, 0.157006204}},{Type = 'Wall2TallThin',cf = {86.9472656, 13.3392487, -88.6322632, 6.31809235e-06, -0.157053947, 0.987590015, -1, -6.19888306e-06, 5.36441803e-06, 5.36441803e-06, -0.987590015, -0.157053947}},{Type = 'Wall2',cf = {71.7419434, 18.2390747, -90.5083008, -0.157006621, 0, 0.987597823, 0, -1.00000048, 0, 0.987597823, 0, 0.157006204}},{Type = 'Wall2',cf = {70.4854736, 18.2390747, -82.607605, -0.157006621, 0, 0.987597823, 0, -1.00000048, 0, 0.987597823, 0, 0.157006204}},{Type = 'Wall2',cf = {87.2770996, 18.2390594, -86.5579224, -0.157006621, -0, -0.987597823, 0, -1.00000048, 0, -0.987597823, 0, 0.157006204}},{Type = 'Wall2',cf = {86.8822632, 12.8392391, -86.4951172, -0.157053947, 0.987590015, -5.36441803e-06, -5.36441803e-06, -6.19888306e-06, -1, -0.987590015, -0.157053947, 6.31809235e-06}},{Type = 'Wall2',cf = {71.1136475, 18.2390747, -86.5579224, -0.157006621, 0, 0.987597823, 0, -1.00000048, 0, 0.987597823, 0, 0.157006204}},{Type = 'Wall2TallThin',cf = {70.1870117, 13.3392258, -80.7315674, -6.43730164e-06, 0.157053977, 0.987590253, -1.00000024, -6.43730164e-06, -5.36441803e-06, 5.36441803e-06, -0.987590253, 0.157053769}},{Type = 'Wall2Thin',cf = {91.5999756, 12.8393383, -79.5123291, 0, -1, 0, 0, 0, 1, -1, 0, 0}},{Type = 'Wall2',cf = {87.510498, 12.8393612, -82.5447388, -0.157053947, 0.987590015, -5.36441803e-06, -5.36441803e-06, -6.19888306e-06, -1, -0.987590015, -0.157053947, 6.31809235e-06}},{Type = 'Wall2',cf = {72.1368408, 12.8392849, -90.4454956, -0.157053947, -0.987590015, 5.36441803e-06, 5.36441803e-06, -6.19888306e-06, -1, 0.987590015, -0.157053947, 6.31809235e-06}},{Type = 'Floor1Tiny',cf = {66.2102661, 11.2821026, -79.7155457, -4.72068787e-05, 2.10106373e-05, -1, 0.743183613, 0.669087529, -2.10106373e-05, 0.669087529, -0.743183613, -4.72068787e-05}},{Type = 'Wall2',cf = {72.6865234, 12.8392849, -93.9020386, -0.157053947, -0.987590015, 5.36441803e-06, 5.36441803e-06, -6.19888306e-06, -1, 0.987590015, -0.157053947, 6.31809235e-06}},{Type = 'Wall2',cf = {70.8803711, 12.8392849, -82.5447998, -0.157053947, -0.987590015, 5.36441803e-06, 5.36441803e-06, -6.19888306e-06, -1, 0.987590015, -0.157053947, 6.31809235e-06}},{Type = 'Post',cf = {66.2102661, 10.4427547, -94.9447021, -1, 0, 0, 0, -1, 0, 0, 0, 1}},{Type = 'Wall2',cf = {85.7043457, 12.8393002, -93.9020386, -0.157053947, 0.987590015, -5.36441803e-06, -5.36441803e-06, -6.19888306e-06, -1, -0.987590015, -0.157053947, 6.31809235e-06}},{Type = 'Post',cf = {66.2102661, 11.8494473, -82.4125671, -1, 0, 0, 0, 0, 1, 0, 1, -0}},{Type = 'Wall2Thin',cf = {66.8005371, 12.8393459, -79.5123291, 0, 1, 0, 0, 0, 1, 1, 0, 0}},{Type = 'Wall2',cf = {86.2540283, 12.8393612, -90.4454956, -0.157053947, 0.987590015, -5.36441803e-06, -5.36441803e-06, -6.19888306e-06, -1, -0.987590015, -0.157053947, 6.31809235e-06}},{Type = 'Post',cf = {66.4173584, 12.3493328, -82.4125366, -0.707107067, 6.00814819e-05, 0.707106531, 0.707106531, -1.4424324e-05, 0.707107067, 5.2690506e-05, 1, -3.23057175e-05}},{Type = 'Post',cf = {66.7001953, 12.6321774, -82.4125366, -0.707107067, 6.00814819e-05, 0.707106531, 0.707106531, -1.4424324e-05, 0.707107067, 5.2690506e-05, 1, -3.23057175e-05}},{Type = 'Post',cf = {66.2102661, 10.4427547, -95.344696, -1, 0, 0, 0, -1, 0, 0, 0, 1}},{Type = 'Wall2TallThin',cf = {90.2001343, 12.8392773, -96.412262, -1, 0, 0, 0, 0, 1, 0, 1, -0}},{Type = 'Post',cf = {88.5999756, 26.6393051, -74.8124695, 0, 0, 1, 1, 0, 0, 0, 1, 0}},{Type = 'Post',cf = {88.5, 26.2119904, -71.6100769, 6.55651093e-06, -5.48362732e-06, 1, 0.984813571, 0.173615217, -5.48362732e-06, -0.173615217, 0.984813571, 6.55651093e-06}},{Type = 'Post',cf = {66.7001953, 12.6321774, -84.4125366, -0.707107067, 6.00814819e-05, 0.707106531, 0.707106531, -1.4424324e-05, 0.707107067, 5.2690506e-05, 1, -3.23057175e-05}},{Type = 'Post',cf = {66.2102661, 11.8494473, -92.4125671, -1, 0, 0, 0, 0, 1, 0, 1, -0}},{Type = 'Post',cf = {88.5999756, 25.6393051, -74.8124695, 0, 0, 1, 1, 0, 0, 0, 1, 0}},{Type = 'Post',cf = {66.7001953, 12.6321774, -88.4125366, -0.707107067, 6.00814819e-05, 0.707106531, 0.707106531, -1.4424324e-05, 0.707107067, 5.2690506e-05, 1, -3.23057175e-05}},{Type = 'Post',cf = {91.7003174, 12.6321697, -88.4125061, 0.707060337, 3.32891941e-05, 0.707153201, 0.707153201, -8.03470612e-05, -0.707060277, 3.32891941e-05, 0.99999994, -8.03470612e-05}},{Type = 'Post',cf = {66.4173584, 12.3493328, -84.4125366, -0.707107067, 6.00814819e-05, 0.707106531, 0.707106531, -1.4424324e-05, 0.707107067, 5.2690506e-05, 1, -3.23057175e-05}},{Type = 'Post',cf = {66.2102661, 11.8494473, -88.4125671, -1, 0, 0, 0, 0, 1, 0, 1, -0}},{Type = 'Wall2Thin',cf = {90.0999756, 12.8392811, -95.5126343, 0, -1, 0, 0, 0, 1, -1, 0, 0}},{Type = 'Post',cf = {91.7003174, 12.6321697, -96.4125061, 0.707060337, 3.32891941e-05, 0.707153201, 0.707153201, -8.03470612e-05, -0.707060277, 3.32891941e-05, 0.99999994, -8.03470612e-05}},{Type = 'Post',cf = {66.2102661, 11.8494473, -84.4125671, -1, 0, 0, 0, 0, 1, 0, 1, -0}},{Type = 'Post',cf = {91.7003174, 12.6321697, -92.4125061, 0.707060337, 3.32891941e-05, 0.707153201, 0.707153201, -8.03470612e-05, -0.707060277, 3.32891941e-05, 0.99999994, -8.03470612e-05}},{Type = 'Post',cf = {90.2003174, 12.8392773, -88.4125061, 0, 0, 1, 1, 0, 0, 0, 1, 0}},{Type = 'Post',cf = {91.7003174, 12.6321697, -84.4125061, 0.707060337, 3.32891941e-05, 0.707153201, 0.707153201, -8.03470612e-05, -0.707060277, 3.32891941e-05, 0.99999994, -8.03470612e-05}},{Type = 'Post',cf = {91.2003174, 12.8392773, -92.4125061, 0, 0, 1, 1, 0, 0, 0, 1, 0}},{Type = 'Post',cf = {67.2001953, 12.8392849, -96.4125366, 0, 0, 1, 1, 0, 0, 0, 1, 0}},{Type = 'Post',cf = {91.2003174, 12.8392773, -96.4125061, 0, 0, 1, 1, 0, 0, 0, 1, 0}},{Type = 'Floor1Tiny',cf = {66.2102661, 7.24298286, -94.9448853, 0, 0, 1, 0, 1, -0, -1, 0, 0}},{Type = 'Post',cf = {91.9831543, 12.3493252, -84.4125061, 0.707060337, 3.32891941e-05, 0.707153201, 0.707153201, -8.03470612e-05, -0.707060277, 3.32891941e-05, 0.99999994, -8.03470612e-05}},{Type = 'Post',cf = {91.2003174, 12.8392773, -88.4125061, 0, 0, 1, 1, 0, 0, 0, 1, 0}},{Type = 'Wall2TallThin',cf = {68.2001343, 12.8394032, -96.4122925, -1, 0, 0, 0, 0, 1, 0, 1, -0}},{Type = 'Wall2TallThin',cf = {68.2001343, 12.8394108, -88.4122925, -1, 0, 0, 0, 0, 1, 0, 1, -0}},{Type = 'Post',cf = {91.2003174, 12.8392773, -84.4125061, 0, 0, 1, 1, 0, 0, 0, 1, 0}},{Type = 'Post',cf = {67.2001953, 12.8392849, -84.4125366, 0, 0, 1, 1, 0, 0, 0, 1, 0}},{Type = 'Post',cf = {91.9831543, 12.3493252, -96.4125061, 0.707060337, 3.32891941e-05, 0.707153201, 0.707153201, -8.03470612e-05, -0.707060277, 3.32891941e-05, 0.99999994, -8.03470612e-05}},{Type = 'Post',cf = {92.1902466, 11.8491955, -84.4125061, 1, 0, 0, 0, 0, -1, 0, 1, 0}},{Type = 'Floor1Tiny',cf = {66.2102661, 10.4094276, -79.0422363, -4.41074371e-06, 1.40070915e-06, -1.00000024, 0.587824225, 0.80898869, -1.40070915e-06, 0.808988869, -0.587824225, -4.41074371e-06}},{Type = 'Floor1Tiny',cf = {92.1902466, 11.2821217, -79.7156677, -4.72068787e-05, 2.10106373e-05, -1, 0.743183613, 0.669087529, -2.10106373e-05, 0.669087529, -0.743183613, -4.72068787e-05}},{Type = 'Wall2Thin',cf = {72.0999146, 12.8394032, -95.5126343, 0, -1, 0, 0, 0, 1, -1, 0, 0}},{Type = 'Post',cf = {92.1902466, 11.8491955, -88.4125061, 1, 0, 0, 0, 0, -1, 0, 1, 0}},{Type = 'Post',cf = {91.9831543, 12.3493252, -82.4125061, 0.707060337, 3.32891941e-05, 0.707153201, 0.707153201, -8.03470612e-05, -0.707060277, 3.32891941e-05, 0.99999994, -8.03470612e-05}},{Type = 'Post',cf = {66.7001953, 12.6321774, -96.4125366, -0.707107067, 6.00814819e-05, 0.707106531, 0.707106531, -1.4424324e-05, 0.707107067, 5.2690506e-05, 1, -3.23057175e-05}},{Type = 'Post',cf = {91.9831543, 12.3493252, -88.4125061, 0.707060337, 3.32891941e-05, 0.707153201, 0.707153201, -8.03470612e-05, -0.707060277, 3.32891941e-05, 0.99999994, -8.03470612e-05}},{Type = 'Post',cf = {92.1902466, 11.8491955, -92.4125061, 1, 0, 0, 0, 0, -1, 0, 1, 0}},{Type = 'Post',cf = {66.4173584, 12.3493328, -88.4125366, -0.707107067, 6.00814819e-05, 0.707106531, 0.707106531, -1.4424324e-05, 0.707107067, 5.2690506e-05, 1, -3.23057175e-05}},{Type = 'Floor1Tiny',cf = {66.2102661, 9.82164192, -94.3668213, -4.41074371e-06, 1.40070915e-06, 1.00000024, 0.587824225, 0.80898869, 1.40070915e-06, -0.808988869, 0.587824225, -4.41074371e-06}},{Type = 'Post',cf = {67.2001953, 12.8392849, -88.4125366, 0, 0, 1, 1, 0, 0, 0, 1, 0}},{Type = 'Post',cf = {66.2102661, 11.8494473, -96.4125671, -1, 0, 0, 0, 0, 1, 0, 1, -0}},{Type = 'Post',cf = {91.9831543, 12.3493252, -92.4125061, 0.707060337, 3.32891941e-05, 0.707153201, 0.707153201, -8.03470612e-05, -0.707060277, 3.32891941e-05, 0.99999994, -8.03470612e-05}},{Type = 'Post',cf = {67.2001953, 12.8392849, -92.4125366, 0, 0, 1, 1, 0, 0, 0, 1, 0}},{Type = 'Post',cf = {92.1902466, 11.8491955, -82.4125061, 1, 0, 0, 0, 0, -1, 0, 1, 0}},{Type = 'Floor1Tiny',cf = {66.2102661, 11.5680408, -92.3834534, -1.00135803e-05, 7.30156898e-06, 1, 0.951071143, 0.308971882, 7.30156898e-06, -0.308971882, 0.951071143, -1.00135803e-05}},{Type = 'Post',cf = {92.1902466, 11.8491955, -96.4125061, 1, 0, 0, 0, 0, -1, 0, 1, 0}},{Type = 'Post',cf = {66.4173584, 12.3493328, -96.4125366, -0.707107067, 6.00814819e-05, 0.707106531, 0.707106531, -1.4424324e-05, 0.707107067, 5.2690506e-05, 1, -3.23057175e-05}},{Type = 'Post',cf = {91.7003174, 12.6321697, -82.4125061, 0.707060337, 3.32891941e-05, 0.707153201, 0.707153201, -8.03470612e-05, -0.707060277, 3.32891941e-05, 0.99999994, -8.03470612e-05}},{Type = 'Post',cf = {66.4173584, 12.3493328, -92.4125366, -0.707107067, 6.00814819e-05, 0.707106531, 0.707106531, -1.4424324e-05, 0.707107067, 5.2690506e-05, 1, -3.23057175e-05}},{Type = 'Floor1Tiny',cf = {66.2102661, 8.1368351, -79.2830811, -3.70740891e-05, 3.88920307e-06, -1.00000012, 0.20785287, 0.978160083, -3.88920307e-06, 0.978160203, -0.20785287, -3.70740891e-05}},{Type = 'Floor1Tiny',cf = {66.2102661, 9.00909996, -94.7394409, -4.529953e-06, 9.68575478e-07, 1, 0.406711876, 0.913556457, 9.68575478e-07, -0.913556457, 0.406711876, -4.529953e-06}},{Type = 'Post',cf = {66.7001953, 12.6321774, -92.4125366, -0.707107067, 6.00814819e-05, 0.707106531, 0.707106531, -1.4424324e-05, 0.707107067, 5.2690506e-05, 1, -3.23057175e-05}},{Type = 'Floor1Tiny',cf = {66.2102661, 10.5389576, -93.8334045, -4.72068787e-05, 2.10106373e-05, 1, 0.743183613, 0.669087529, 2.10106373e-05, -0.669087529, 0.743183613, -4.72068787e-05}},{Type = 'Floor1Tiny',cf = {66.2102661, 11.1296978, -93.1625061, 2.05039978e-05, -1.18613243e-05, 1, 0.866060615, 0.499938965, -1.18613243e-05, -0.499938965, 0.866060615, 2.05039978e-05}},{Type = 'Floor1Tiny',cf = {66.2102661, 11.129694, -81.0555725, 2.05039978e-05, -1.18613243e-05, -1, 0.866060615, 0.499938965, 1.18613243e-05, 0.499938965, -0.866060615, 2.05039978e-05}},{Type = 'Floor1Tiny',cf = {66.2102661, 8.13683891, -94.934967, -3.70740891e-05, 3.88920307e-06, 1.00000012, 0.20785287, 0.978160083, 3.88920307e-06, -0.978160203, 0.20785287, -3.70740891e-05}},{Type = 'Floor1Tiny',cf = {66.2102661, 6.64298248, -95.5448914, 0, 0, 1, 0, 1, -0, -1, 0, 0}},{Type = 'Floor1Tiny',cf = {66.2102661, 10.5389576, -80.3846741, -4.72068787e-05, 2.10106373e-05, -1, 0.743183613, 0.669087529, -2.10106373e-05, 0.669087529, -0.743183613, -4.72068787e-05}},{Type = 'Floor1Tiny',cf = {66.2102661, 9.82164192, -79.8512573, -4.41074371e-06, 1.40070915e-06, -1.00000024, 0.587824225, 0.80898869, -1.40070915e-06, 0.808988869, -0.587824225, -4.41074371e-06}},{Type = 'Floor1Tiny',cf = {66.2102661, 9.00909615, -79.4786377, -4.529953e-06, 9.68575478e-07, -1, 0.406711876, 0.913556457, -9.68575478e-07, 0.913556457, -0.406711876, -4.529953e-06}},{Type = 'Floor1Tiny',cf = {66.2102661, 6.24298096, -79.2731934, 0, 0, -1, 0, 1, 0, 1, 0, 0}},{Type = 'Floor1Tiny',cf = {66.2102661, 11.5680408, -81.8346252, -1.00135803e-05, 7.30156898e-06, -1, 0.951071143, 0.308971882, -7.30156898e-06, 0.308971882, -0.951071143, -1.00135803e-05}},{Type = 'Floor1Tiny',cf = {66.2102661, 7.24298096, -79.2731934, 0, 0, -1, 0, 1, 0, 1, 0, 0}},{Type = 'Floor1Tiny',cf = {92.1902466, 10.6430035, -94.2450256, 0, 0, 1, 0, 1, -0, -1, 0, 0}},{Type = 'Floor1Tiny',cf = {66.2102661, 5.44297981, -79.2731934, 0, 0, -1, 0, 1, 0, 1, 0, 0}},{Type = 'Floor1Tiny',cf = {66.2102661, 10.6429806, -94.2449036, 0, 0, 1, 0, 1, -0, -1, 0, 0}},{Type = 'Floor1Tiny',cf = {92.1902466, 7.24299812, -79.2733154, 0, 0, -1, 0, 1, 0, 1, 0, 0}},{Type = 'Floor1Tiny',cf = {92.1902466, 6.64300156, -95.5450439, 0, 0, 1, 0, 1, -0, -1, 0, 0}},{Type = 'Floor1Tiny',cf = {92.1902466, 5.44299889, -79.2733154, 0, 0, -1, 0, 1, 0, 1, 0, 0}},{Type = 'Floor1Tiny',cf = {92.1902466, 10.6430035, -95.2450256, 0, 0, 1, 0, 1, -0, -1, 0, 0}},{Type = 'Floor1Tiny',cf = {66.2102661, 10.6429806, -95.2449036, 0, 0, 1, 0, 1, -0, -1, 0, 0}},{Type = 'Floor1Tiny',cf = {92.1902466, 11.5680599, -81.8347778, -1.00135803e-05, 7.30156898e-06, -1, 0.951071143, 0.308971882, -7.30156898e-06, 0.308971882, -0.951071143, -1.00135803e-05}},{Type = 'Floor1Tiny',cf = {92.1902466, 6.24299812, -79.2733154, 0, 0, -1, 0, 1, 0, 1, 0, 0}},{Type = 'Floor1Tiny',cf = {92.1902466, 10.5389767, -93.8335571, -4.72068787e-05, 2.10106373e-05, 1, 0.743183613, 0.669087529, 2.10106373e-05, -0.669087529, 0.743183613, -4.72068787e-05}},{Type = 'Floor1Tiny',cf = {92.1902466, 9.00911522, -79.4787598, -4.529953e-06, 9.68575478e-07, -1, 0.406711876, 0.913556457, -9.68575478e-07, 0.913556457, -0.406711876, -4.529953e-06}},{Type = 'Floor1Tiny',cf = {92.1902466, 11.1297131, -81.0557251, 2.05039978e-05, -1.18613243e-05, -1, 0.866060615, 0.499938965, 1.18613243e-05, 0.499938965, -0.866060615, 2.05039978e-05}},{Type = 'Floor1Tiny',cf = {92.1902466, 11.1297169, -93.1626587, 2.05039978e-05, -1.18613243e-05, 1, 0.866060615, 0.499938965, -1.18613243e-05, -0.499938965, 0.866060615, 2.05039978e-05}},{Type = 'Wall2TallThin',cf = {79.1000366, 19.4395828, -64.9122925, 1, 0, 0, 0, 1, 0, 0, 0, 1}},{Type = 'Floor1Tiny',cf = {92.1902466, 8.13685799, -94.9351196, -3.70740891e-05, 3.88920307e-06, 1.00000012, 0.20785287, 0.978160083, 3.88920307e-06, -0.978160203, 0.20785287, -3.70740891e-05}},{Type = 'Floor1Tiny',cf = {92.1902466, 8.13685417, -79.2832336, -3.70740891e-05, 3.88920307e-06, -1.00000012, 0.20785287, 0.978160083, -3.88920307e-06, 0.978160203, -0.20785287, -3.70740891e-05}},{Type = 'Post',cf = {88.5999756, 25.6393051, -72.0124512, 0, 0, 1, 1, 0, 0, 0, 1, 0}},{Type = 'Floor1Tiny',cf = {92.1902466, 10.5389767, -80.3848267, -4.72068787e-05, 2.10106373e-05, -1, 0.743183613, 0.669087529, -2.10106373e-05, 0.669087529, -0.743183613, -4.72068787e-05}},{Type = 'Floor1Tiny',cf = {92.1902466, 9.821661, -79.8514099, -4.41074371e-06, 1.40070915e-06, -1.00000024, 0.587824225, 0.80898869, -1.40070915e-06, 0.808988869, -0.587824225, -4.41074371e-06}},{Type = 'Floor1Tiny',cf = {92.1902466, 9.00911903, -94.7395935, -4.529953e-06, 9.68575478e-07, 1, 0.406711876, 0.913556457, 9.68575478e-07, -0.913556457, 0.406711876, -4.529953e-06}},{Type = 'Wall2ShortThin',cf = {70.0142822, 13.4395599, -79.6450195, 0.15711844, 0, 0.987579763, 0, 1, 0, -0.987579763, 0, 0.15711844}},{Type = 'Floor1Tiny',cf = {92.1902466, 11.5680599, -92.3835754, -1.00135803e-05, 7.30156898e-06, 1, 0.951071143, 0.308971882, 7.30156898e-06, -0.308971882, 0.951071143, -1.00135803e-05}},{Type = 'Floor1Tiny',cf = {92.1902466, 7.24300194, -94.9450378, 0, 0, 1, 0, 1, -0, -1, 0, 0}},{Type = 'Post',cf = {88.5999756, 25.6393051, -77.6124573, 0, 0, 1, 1, 0, 0, 0, 1, 0}},{Type = 'Floor1Tiny',cf = {69.7001953, 12.4395313, -81.0124817, 0, 0, -1, 0, 1, 0, 1, 0, 0}},{Type = 'Post',cf = {92.1902466, 10.4427738, -94.9446716, -1, 0, 0, 0, -1, 0, 0, 0, 1}},{Type = 'Post',cf = {92.1902466, 10.4427738, -95.3446655, -1, 0, 0, 0, -1, 0, 0, 0, 1}},{Type = 'Floor1Tiny',cf = {92.1902466, 9.821661, -94.3669434, -4.41074371e-06, 1.40070915e-06, 1.00000024, 0.587824225, 0.80898869, 1.40070915e-06, -0.808988869, 0.587824225, -4.41074371e-06}},{Type = 'Floor1Tiny',cf = {92.1902466, 5.44955635, -79.0124512, 0, 0, -1, 0, 1, 0, 1, 0, 0}},{Type = 'Floor1Tiny',cf = {90.2003174, 12.8393345, -80.612793, 0, 0, -1, 1, 0, 0, 0, -1, 0}},{Type = 'Floor1Tiny',cf = {92.1902466, 6.44955635, -79.0124512, 0, 0, -1, 0, 1, 0, 1, 0, 0}},{Type = 'Floor1Tiny',cf = {66.2102661, 6.44957161, -79.0124817, 0, 0, -1, 0, 1, 0, 1, 0, 0}},{Type = 'Wall2Tall',cf = {70.4002075, 9.33936119, -64.9121704, 0, 1, -0, -1, 0, 0, 0, 0, 1}},{Type = 'Wall2ShortThin',cf = {88.3765869, 13.4395447, -79.6449585, -0.157006621, 0, 0.987597823, 0, 1, 0, -0.987597823, 0, -0.157006621}},{Type = 'Wall2TallThin',cf = {88.5999756, 19.4395142, -67.1124878, 0, 0, 1, 0, 1, -0, -1, 0, 0}},{Type = 'Wall2Thin',cf = {88.5998535, 8.33923149, -68.3121948, 0, 0, -1, -1, 0, 0, 0, 1, 0}},{Type = 'Floor1Tiny',cf = {89.2003174, 12.8393345, -80.612793, 0, 0, -1, 1, 0, 0, 0, -1, 0}},{Type = 'Post',cf = {66.2102661, 11.2493382, -79.0124207, -1, 0, 0, 0, -1, 0, 0, 0, 1}},{Type = 'Floor1Tiny',cf = {66.2102661, 10.4495716, -80.0124817, 0, 0, -1, 0, 1, 0, 1, 0, 0}},{Type = 'Post',cf = {92.1902466, 7.4493351, -79.0123901, 1, 0, 0, 0, 1, 0, 0, 0, 1}},{Type = 'Wall2Tall',cf = {80.2001953, 13.3393631, -64.9122925, 0, 1, -0, -1, 0, 0, 0, 0, 1}},{Type = 'Floor1Tiny',cf = {66.2102661, 5.44957161, -79.0124817, 0, 0, -1, 0, 1, 0, 1, 0, 0}},{Type = 'Floor1Tiny',cf = {92.1902466, 10.4495564, -80.0124512, 0, 0, -1, 0, 1, 0, 1, 0, 0}},{Type = 'Wall2Thin',cf = {88.5999756, 7.43954659, -69.2124634, 0, 0, -1, 0, 1, 0, 1, 0, 0}},{Type = 'Wall2Thin',cf = {88.5998535, 10.3392315, -68.3121948, 0, 0, -1, -1, 0, 0, 0, 1, 0}},{Type = 'Wall2TallThin',cf = {88.5999756, 11.4395008, -69.2125854, 0, 0, 1, 0, 1, -0, -1, 0, 0}},{Type = 'Wall2TallThin',cf = {88.5999756, 19.4395142, -65.4124756, 0, 0, 1, 0, 1, -0, -1, 0, 0}},{Type = 'Wall2Tall',cf = {80.2001953, 25.3393631, -64.9122925, 0, 1, -0, -1, 0, 0, 0, 0, 1}},{Type = 'Wall2Tall',cf = {70.4002075, 17.3393631, -64.9121704, 0, 1, -0, -1, 0, 0, 0, 0, 1}},{Type = 'Wall2Tall',cf = {88.5999756, 9.33921051, -78.1122437, 0, 0, -1, -1, 0, 0, 0, 1, 0}},{Type = 'Wall2Tall',cf = {70.4002075, 21.3393631, -64.9121704, 0, 1, -0, -1, 0, 0, 0, 0, 1}},{Type = 'Wall2Tall',cf = {88.5998535, 19.2390366, -66.4125366, 0, 0, -1, 0, -1, -0, -1, 0, -0}},{Type = 'Wall2Tall',cf = {80.2001953, 21.3393631, -64.9122925, 0, 1, -0, -1, 0, 0, 0, 0, 1}},{Type = 'Wall2Tall',cf = {70.4002075, 13.3393631, -64.9121704, 0, 1, -0, -1, 0, 0, 0, 0, 1}},{Type = 'Post',cf = {88.5999756, 26.6393051, -72.0124512, 0, 0, 1, 1, 0, 0, 0, 1, 0}},{Type = 'Wall2Tall',cf = {68.7003784, 13.2389908, -79.0125427, 1, 0, 0, 0, -1, 0, 0, 0, -1}},{Type = 'Wall2Tall',cf = {69.7998047, 13.339241, -78.1122437, 0, 0, -1, -1, 0, 0, 0, 1, 0}},{Type = 'Wall2Tall',cf = {70.4002075, 25.3393631, -64.9121704, 0, 1, -0, -1, 0, 0, 0, 0, 1}},{Type = 'Wall2Thin',cf = {88.4552002, 9.43953514, -79.1509399, -0.157006621, 0, 0.987597823, 0, 1, 0, -0.987597823, 0, -0.157006621}},{Type = 'Wall2ShortThin',cf = {69.9200439, 13.4395599, -79.0524902, 0.15711844, 0, 0.987579763, 0, 1, 0, -0.987579763, 0, 0.15711844}},{Type = 'Wall2Tall',cf = {88.5999756, 17.3392639, -78.1122437, 0, 0, -1, -1, 0, 0, 0, 1, 0}},{Type = 'Wall2Tall',cf = {80.2001953, 17.3393631, -64.9122925, 0, 1, -0, -1, 0, 0, 0, 0, 1}},{Type = 'Wall2Tall',cf = {89.7005005, 13.2389832, -79.0125427, 1, 0, 0, 0, -1, 0, 0, 0, -1}},{Type = 'Wall2TallThin',cf = {69.8000488, 11.4395008, -69.2125854, 0, 0, 1, 0, 1, -0, -1, 0, 0}},{Type = 'Wall2ShortThin',cf = {88.4550781, 13.4395447, -79.1511841, -0.157006621, 0, 0.987597823, 0, 1, 0, -0.987597823, 0, -0.157006621}},{Type = 'Wall2Tall',cf = {88.5999756, 13.339241, -78.1122437, 0, 0, -1, -1, 0, 0, 0, 1, 0}},{Type = 'Wall2Tall',cf = {69.7998047, 17.3392639, -78.1122437, 0, 0, -1, -1, 0, 0, 0, 1, 0}},{Type = 'Wall2ShortThin',cf = {88.4550781, 8.43954659, -79.1511841, -0.157006621, 0, 0.987597823, 0, 1, 0, -0.987597823, 0, -0.157006621}},{Type = 'Wall2Thin',cf = {69.7999268, 7.43954659, -69.2124634, 0, 0, -1, 0, 1, 0, 1, 0, 0}},{Type = 'Wall2Thin',cf = {69.9199219, 9.43954277, -79.0522461, -0.157006621, 0, -0.987597823, 0, 1, 0, 0.987597823, 0, -0.157006621}},{Type = 'Wall2Tall',cf = {69.7998047, 9.33921051, -78.1122437, 0, 0, -1, -1, 0, 0, 0, 1, 0}},{Type = 'Wall2ShortThin',cf = {69.9200439, 8.43955803, -79.0524902, 0.15711844, 0, 0.987579763, 0, 1, 0, -0.987579763, 0, 0.15711844}},{Type = 'Wall2Thin',cf = {69.9199219, 14.4395447, -79.0522461, -0.157006621, 0, -0.987597823, 0, 1, 0, 0.987597823, 0, -0.157006621}},{Type = 'Wall2Thin',cf = {88.4552002, 14.439537, -79.1509399, -0.157006621, 0, 0.987597823, 0, 1, 0, -0.987597823, 0, -0.157006621}},{Type = 'Wall2Tall',cf = {69.7998047, 19.2390366, -66.4125366, 0, 0, -1, 0, -1, -0, -1, 0, -0}},{Type = 'Floor2Tiny',cf = {69.3997803, 19.8078308, -78.7527466, 7.85589218e-05, -1.00000012, -6.88433647e-06, -0.984805167, -7.87973404e-05, 0.173663586, -0.173663586, -6.88433647e-06, -0.984805346}},{Type = 'Wall2Thin',cf = {69.7999268, 8.33923149, -68.3121948, 0, 0, -1, -1, 0, 0, 0, 1, 0}},{Type = 'Wall2Thin',cf = {69.7999268, 10.3392315, -68.3121948, 0, 0, -1, -1, 0, 0, 0, 1, 0}},{Type = 'Wall2TallThin',cf = {69.8000488, 19.4395142, -65.4124756, 0, 0, 1, 0, 1, -0, -1, 0, 0}},{Type = 'Floor2Tiny',cf = {69.5997925, 24.7319794, -77.884491, 7.85589218e-05, -1.00000012, -6.88433647e-06, -0.984805167, -7.87973404e-05, 0.173663586, -0.173663586, -6.88433647e-06, -0.984805346}},{Type = 'Floor2Tiny',cf = {69.3997803, 21.7774887, -78.405426, 7.85589218e-05, -1.00000012, -6.88433647e-06, -0.984805167, -7.87973404e-05, 0.173663586, -0.173663586, -6.88433647e-06, -0.984805346}},{Type = 'Wall2TallThin',cf = {69.8000488, 19.4395142, -67.1124878, 0, 0, 1, 0, 1, -0, -1, 0, 0}},{Type = 'Floor2Tiny',cf = {69.3997803, 23.7471466, -78.058136, 7.85589218e-05, -1.00000012, -6.88433647e-06, -0.984805167, -7.87973404e-05, 0.173663586, -0.173663586, -6.88433647e-06, -0.984805346}},{Type = 'Floor2Tiny',cf = {69.5997925, 21.7774887, -78.405426, 7.85589218e-05, -1.00000012, -6.88433647e-06, -0.984805167, -7.87973404e-05, 0.173663586, -0.173663586, -6.88433647e-06, -0.984805346}},{Type = 'Post',cf = {69.8000488, 25.6393051, -77.6124573, 0, 0, 1, 1, 0, 0, 0, 1, 0}},{Type = 'Floor2Tiny',cf = {69.3997803, 22.7623215, -78.231781, 7.85589218e-05, -1.00000012, -6.88433647e-06, -0.984805167, -7.87973404e-05, 0.173663586, -0.173663586, -6.88433647e-06, -0.984805346}},{Type = 'Floor2Tiny',cf = {79.0997925, 22.7623215, -78.231781, 7.85589218e-05, -1.00000012, -6.88433647e-06, -0.984805167, -7.87973404e-05, 0.173663586, -0.173663586, -6.88433647e-06, -0.984805346}},{Type = 'Floor1Tiny',cf = {92.1902466, 10.4094467, -79.0423889, -4.41074371e-06, 1.40070915e-06, -1.00000024, 0.587824225, 0.80898869, -1.40070915e-06, 0.808988869, -0.587824225, -4.41074371e-06}},{Type = 'Floor2Tiny',cf = {69.5997925, 18.8230286, -78.9263916, 7.85589218e-05, -1.00000012, -6.88433647e-06, -0.984805167, -7.87973404e-05, 0.173663586, -0.173663586, -6.88433647e-06, -0.984805346}},{Type = 'Floor2Tiny',cf = {69.3997803, 24.7319794, -77.884491, 7.85589218e-05, -1.00000012, -6.88433647e-06, -0.984805167, -7.87973404e-05, 0.173663586, -0.173663586, -6.88433647e-06, -0.984805346}},{Type = 'Floor2Tiny',cf = {69.3997803, 20.7926636, -78.5791016, 7.85589218e-05, -1.00000012, -6.88433647e-06, -0.984805167, -7.87973404e-05, 0.173663586, -0.173663586, -6.88433647e-06, -0.984805346}},{Type = 'Floor2Tiny',cf = {69.5997925, 22.7623215, -78.231781, 7.85589218e-05, -1.00000012, -6.88433647e-06, -0.984805167, -7.87973404e-05, 0.173663586, -0.173663586, -6.88433647e-06, -0.984805346}},{Type = 'Post',cf = {69.8000488, 25.6393051, -72.0124512, 0, 0, 1, 1, 0, 0, 0, 1, 0}},{Type = 'Floor2Tiny',cf = {79.0997925, 19.8078308, -78.7527466, 7.85589218e-05, -1.00000012, -6.88433647e-06, -0.984805167, -7.87973404e-05, 0.173663586, -0.173663586, -6.88433647e-06, -0.984805346}},{Type = 'Wedge9',cf = {71.2999268, 25.7437439, -77.7216187, 7.86781311e-05, -6.88433647e-06, -1, 0.173663557, 0.984805048, 6.88433647e-06, 0.984804988, -0.173663557, 7.86781311e-05}},{Type = 'Floor2Tiny',cf = {69.5997925, 19.8078308, -78.7527466, 7.85589218e-05, -1.00000012, -6.88433647e-06, -0.984805167, -7.87973404e-05, 0.173663586, -0.173663586, -6.88433647e-06, -0.984805346}},{Type = 'Floor2Tiny',cf = {69.5997925, 20.7926636, -78.5791016, 7.85589218e-05, -1.00000012, -6.88433647e-06, -0.984805167, -7.87973404e-05, 0.173663586, -0.173663586, -6.88433647e-06, -0.984805346}},{Type = 'Floor2Tiny',cf = {69.5997925, 23.7471466, -78.058136, 7.85589218e-05, -1.00000012, -6.88433647e-06, -0.984805167, -7.87973404e-05, 0.173663586, -0.173663586, -6.88433647e-06, -0.984805346}},{Type = 'Floor2Tiny',cf = {79.0997925, 20.7926636, -78.5791016, 7.85589218e-05, -1.00000012, -6.88433647e-06, -0.984805167, -7.87973404e-05, 0.173663586, -0.173663586, -6.88433647e-06, -0.984805346}},{Type = 'Floor2Tiny',cf = {79.0997925, 23.7471466, -78.058136, 7.85589218e-05, -1.00000012, -6.88433647e-06, -0.984805167, -7.87973404e-05, 0.173663586, -0.173663586, -6.88433647e-06, -0.984805346}},{Type = 'Floor2Tiny',cf = {79.0997925, 18.8230286, -78.9263916, 7.85589218e-05, -1.00000012, -6.88433647e-06, -0.984805167, -7.87973404e-05, 0.173663586, -0.173663586, -6.88433647e-06, -0.984805346}},{Type = 'Floor2Tiny',cf = {88.6998291, 24.7319794, -77.884491, 7.85589218e-05, -1.00000012, -6.88433647e-06, -0.984805167, -7.87973404e-05, 0.173663586, -0.173663586, -6.88433647e-06, -0.984805346}},{Type = 'Floor2Tiny',cf = {79.0997925, 21.7774887, -78.405426, 7.85589218e-05, -1.00000012, -6.88433647e-06, -0.984805167, -7.87973404e-05, 0.173663586, -0.173663586, -6.88433647e-06, -0.984805346}},{Type = 'Floor2Tiny',cf = {79.0997925, 24.7319794, -77.884491, 7.85589218e-05, -1.00000012, -6.88433647e-06, -0.984805167, -7.87973404e-05, 0.173663586, -0.173663586, -6.88433647e-06, -0.984805346}},{Type = 'Floor2Tiny',cf = {79.2998047, 24.7319794, -77.884491, 7.85589218e-05, -1.00000012, -6.88433647e-06, -0.984805167, -7.87973404e-05, 0.173663586, -0.173663586, -6.88433647e-06, -0.984805346}},{Type = 'Floor2Tiny',cf = {79.2998047, 22.7623215, -78.231781, 7.85589218e-05, -1.00000012, -6.88433647e-06, -0.984805167, -7.87973404e-05, 0.173663586, -0.173663586, -6.88433647e-06, -0.984805346}},{Type = 'Floor2Tiny',cf = {79.2998047, 23.7471466, -78.058136, 7.85589218e-05, -1.00000012, -6.88433647e-06, -0.984805167, -7.87973404e-05, 0.173663586, -0.173663586, -6.88433647e-06, -0.984805346}},{Type = 'Floor2Tiny',cf = {79.2998047, 21.7774887, -78.405426, 7.85589218e-05, -1.00000012, -6.88433647e-06, -0.984805167, -7.87973404e-05, 0.173663586, -0.173663586, -6.88433647e-06, -0.984805346}},{Type = 'Floor2Tiny',cf = {79.2998047, 20.7926636, -78.5791016, 7.85589218e-05, -1.00000012, -6.88433647e-06, -0.984805167, -7.87973404e-05, 0.173663586, -0.173663586, -6.88433647e-06, -0.984805346}},{Type = 'Floor2Tiny',cf = {79.2998047, 19.8078308, -78.7527466, 7.85589218e-05, -1.00000012, -6.88433647e-06, -0.984805167, -7.87973404e-05, 0.173663586, -0.173663586, -6.88433647e-06, -0.984805346}},{Type = 'Floor2Tiny',cf = {88.6998291, 18.8230286, -78.9263916, 7.85589218e-05, -1.00000012, -6.88433647e-06, -0.984805167, -7.87973404e-05, 0.173663586, -0.173663586, -6.88433647e-06, -0.984805346}},{Type = 'Floor2Tiny',cf = {88.8998413, 19.8078308, -78.7527466, 7.85589218e-05, -1.00000012, -6.88433647e-06, -0.984805167, -7.87973404e-05, 0.173663586, -0.173663586, -6.88433647e-06, -0.984805346}},{Type = 'Floor2Tiny',cf = {88.6998291, 22.7623215, -78.231781, 7.85589218e-05, -1.00000012, -6.88433647e-06, -0.984805167, -7.87973404e-05, 0.173663586, -0.173663586, -6.88433647e-06, -0.984805346}},{Type = 'Floor2Tiny',cf = {79.2998047, 18.8230286, -78.9263916, 7.85589218e-05, -1.00000012, -6.88433647e-06, -0.984805167, -7.87973404e-05, 0.173663586, -0.173663586, -6.88433647e-06, -0.984805346}},{Type = 'Floor2Tiny',cf = {88.8998413, 23.7471466, -78.058136, 7.85589218e-05, -1.00000012, -6.88433647e-06, -0.984805167, -7.87973404e-05, 0.173663586, -0.173663586, -6.88433647e-06, -0.984805346}},{Type = 'Floor2Tiny',cf = {88.6998291, 20.7926636, -78.5791016, 7.85589218e-05, -1.00000012, -6.88433647e-06, -0.984805167, -7.87973404e-05, 0.173663586, -0.173663586, -6.88433647e-06, -0.984805346}},{Type = 'Floor2Tiny',cf = {88.6998291, 19.8078308, -78.7527466, 7.85589218e-05, -1.00000012, -6.88433647e-06, -0.984805167, -7.87973404e-05, 0.173663586, -0.173663586, -6.88433647e-06, -0.984805346}},{Type = 'Floor2Tiny',cf = {88.6998291, 23.7471466, -78.058136, 7.85589218e-05, -1.00000012, -6.88433647e-06, -0.984805167, -7.87973404e-05, 0.173663586, -0.173663586, -6.88433647e-06, -0.984805346}},{Type = 'Wedge9',cf = {83.2999268, 25.2108994, -78.4400024, 7.86781311e-05, -6.88433647e-06, -1, 0.173663557, 0.984805048, 6.88433647e-06, 0.984804988, -0.173663557, 7.86781311e-05}},{Type = 'Floor2Tiny',cf = {88.8998413, 22.7623215, -78.231781, 7.85589218e-05, -1.00000012, -6.88433647e-06, -0.984805167, -7.87973404e-05, 0.173663586, -0.173663586, -6.88433647e-06, -0.984805346}},{Type = 'Post',cf = {69.8000488, 26.6393051, -72.0124512, 0, 0, 1, 1, 0, 0, 0, 1, 0}},{Type = 'Floor2Tiny',cf = {88.8998413, 20.7926636, -78.5791016, 7.85589218e-05, -1.00000012, -6.88433647e-06, -0.984805167, -7.87973404e-05, 0.173663586, -0.173663586, -6.88433647e-06, -0.984805346}},{Type = 'Wedge9',cf = {71.2999268, 25.2108994, -78.4400024, 7.86781311e-05, -6.88433647e-06, -1, 0.173663557, 0.984805048, 6.88433647e-06, 0.984804988, -0.173663557, 7.86781311e-05}},{Type = 'Floor2Tiny',cf = {88.6998291, 21.7774887, -78.405426, 7.85589218e-05, -1.00000012, -6.88433647e-06, -0.984805167, -7.87973404e-05, 0.173663586, -0.173663586, -6.88433647e-06, -0.984805346}},{Type = 'Post',cf = {85.1998901, 27.7672348, -68.4497681, 9.7155571e-06, -1.00000012, 6.78002834e-07, 0.990265071, 9.7155571e-06, 0.139194876, -0.139194876, -6.78002834e-07, 0.990265012}},{Type = 'Floor2Tiny',cf = {88.8998413, 18.8230286, -78.9263916, 7.85589218e-05, -1.00000012, -6.88433647e-06, -0.984805167, -7.87973404e-05, 0.173663586, -0.173663586, -6.88433647e-06, -0.984805346}},{Type = 'Wedge9',cf = {79.2999268, 25.7437439, -77.7216187, 7.86781311e-05, -6.88433647e-06, -1, 0.173663557, 0.984805048, 6.88433647e-06, 0.984804988, -0.173663557, 7.86781311e-05}},{Type = 'Floor2Tiny',cf = {88.8998413, 24.7319794, -77.884491, 7.85589218e-05, -1.00000012, -6.88433647e-06, -0.984805167, -7.87973404e-05, 0.173663586, -0.173663586, -6.88433647e-06, -0.984805346}},{Type = 'Wedge9',cf = {75.2999268, 25.2108994, -78.4400024, 7.86781311e-05, -6.88433647e-06, -1, 0.173663557, 0.984805048, 6.88433647e-06, 0.984804988, -0.173663557, 7.86781311e-05}},{Type = 'Wedge9',cf = {79.2999268, 25.2108994, -78.4400024, 7.86781311e-05, -6.88433647e-06, -1, 0.173663557, 0.984805048, 6.88433647e-06, 0.984804988, -0.173663557, 7.86781311e-05}},{Type = 'Wedge9',cf = {75.2999268, 25.7437439, -77.7216187, 7.86781311e-05, -6.88433647e-06, -1, 0.173663557, 0.984805048, 6.88433647e-06, 0.984804988, -0.173663557, 7.86781311e-05}},{Type = 'Wedge9',cf = {83.2999268, 25.7437439, -77.7216187, 7.86781311e-05, -6.88433647e-06, -1, 0.173663557, 0.984805048, 6.88433647e-06, 0.984804988, -0.173663557, 7.86781311e-05}},{Type = 'Floor2Tiny',cf = {88.8998413, 21.7774887, -78.405426, 7.85589218e-05, -1.00000012, -6.88433647e-06, -0.984805167, -7.87973404e-05, 0.173663586, -0.173663586, -6.88433647e-06, -0.984805346}},{Type = 'Wall2TallThin',cf = {77.1998291, 27.8393021, -65.4124756, 0, -1, 0, 0, 0, 1, -1, 0, 0}},{Type = 'Wall2Tall',cf = {71.2999878, 26.3283539, -76.7074585, 1, 0, 0, 0, 0.173624337, -0.984811902, 0, 0.984811902, 0.173624337}},{Type = 'Wedge9',cf = {87.0999146, 25.2108994, -78.4400024, 7.86781311e-05, -6.88433647e-06, -1, 0.173663557, 0.984805048, 6.88433647e-06, 0.984804988, -0.173663557, 7.86781311e-05}},{Type = 'Wall2TallThin',cf = {77.1998291, 27.8393021, -67.0125122, 0, -1, 0, 0, 0, 1, -1, 0, 0}},{Type = 'Wedge9',cf = {87.0999146, 25.7437439, -77.7216187, 7.86781311e-05, -6.88433647e-06, -1, 0.173663557, 0.984805048, 6.88433647e-06, 0.984804988, -0.173663557, 7.86781311e-05}},{Type = 'Floor1Tiny',cf = {92.1902466, 11.2821217, -94.5026855, -4.72068787e-05, 2.10106373e-05, 1, 0.743183613, 0.669087529, 2.10106373e-05, -0.669087529, 0.743183613, -4.72068787e-05}},{Type = 'Wall2Tall',cf = {75.2999878, 26.3283539, -76.7074585, 1, 0, 0, 0, 0.173624337, -0.984811902, 0, 0.984811902, 0.173624337}},{Type = 'Wall2Tall',cf = {79.2999878, 26.3283539, -76.7074585, 1, 0, 0, 0, 0.173624337, -0.984811902, 0, 0.984811902, 0.173624337}},{Type = 'Wall2Tall',cf = {83.2999878, 26.3283539, -76.7074585, 1, 0, 0, 0, 0.173624337, -0.984811902, 0, 0.984811902, 0.173624337}},{Type = 'Post',cf = {77.1998901, 27.7672348, -68.4497681, 9.7155571e-06, -1.00000012, 6.78002834e-07, 0.990265071, 9.7155571e-06, 0.139194876, -0.139194876, -6.78002834e-07, 0.990265012}},{Type = 'Floor2Tiny',cf = {69.3997803, 18.8230286, -78.92